NOMBRE : N10E30R10_02
COMENTARIO : Generated instance
VERTICES :  10
ARISTAS_REQ :  10
ARISTAS_NOREQ :  20
COORDS :
1 1.000 1.000
2 8.000 2.000
3 3.000 9.000
4 10.000 7.000
5 6.000 5.000
6 0.000 8.000
7 4.000 2.000
8 7.000 10.000
9 2.000 6.000
10 9.000 0.000
LISTA_ARISTAS_REQ :
(    3,   5)   coste        7.000      7.000
(    2,   3)   coste       12.000     12.000
(    1,  10)   coste        9.000      9.000
(    5,   6)   coste        9.000      9.000
(    5,   7)   coste        5.000      5.000
(    1,   5)   coste        9.000      9.000
(    1,   8)   coste       15.000     15.000
(    4,   9)   coste        9.000      9.000
(    2,   8)   coste        9.000      9.000
(    3,  10)   coste       15.000     15.000
LISTA_ARISTAS_NOREQ :
(    1,   3)   coste       10.000     10.000
(    1,   6)   coste        8.000      8.000
(    5,  10)   coste        8.000      8.000
(    9,   5)   coste        5.000      5.000
(    3,   7)   coste        8.000      8.000
(    7,   4)   coste       11.000     11.000
(    6,   8)   coste        9.000      9.000
(    5,   2)   coste        5.000      5.000
(    7,   9)   coste        6.000      6.000
(    6,  10)   coste       17.000     17.000
(    7,   8)   coste       11.000     11.000
(    6,   9)   coste        4.000      4.000
(    5,   8)   coste        6.000      6.000
(    4,   8)   coste        6.000      6.000
(    8,   9)   coste        9.000      9.000
(    1,   4)   coste       15.000     15.000
(    3,   4)   coste        9.000      9.000
(    3,   9)   coste        4.000      4.000
(    2,   6)   coste       14.000     14.000
(    4,   6)   coste       11.000     11.000
