NOMBRE : N50E200R50_03
COMENTARIO : Generated instance
VERTICES : 50
ARISTAS_REQ : 50
ARISTAS_NOREQ : 150
COORDS :
1 4.238 5.175
2 6.739 9.958
3 9.466 2.571
4 5.269 6.688
5 8.253 3.660
6 8.322 2.603
7 4.910 9.940
8 9.745 8.214
9 6.575 5.455
10 0.527 4.800
11 6.985 6.241
12 7.526 1.976
13 1.479 0.460
14 7.167 0.073
15 4.603 8.227
16 8.761 7.791
17 4.462 2.158
18 5.891 7.488
19 8.527 4.351
20 1.421 3.522
21 0.776 1.411
22 6.560 7.885
23 5.020 2.144
24 1.976 1.327
25 5.192 1.917
26 8.940 5.051
27 5.883 9.450
28 4.208 7.585
29 2.756 6.526
30 9.458 5.045
31 1.464 6.092
32 5.308 5.948
33 1.983 7.986
34 8.397 8.474
35 2.875 5.411
36 9.215 6.493
37 9.465 9.945
38 2.416 1.064
39 1.321 5.751
40 3.775 4.507
41 4.228 3.626
42 8.120 6.048
43 1.055 4.310
44 7.819 3.829
45 4.102 1.860
46 3.576 6.419
47 7.662 4.213
48 4.181 6.679
49 6.951 3.225
50 8.559 9.481
LISTA_ARISTAS_REQ :
(   1, 32)  coste     1.843    1.843
(   3,  6)  coste     1.176    1.176
(   3, 26)  coste     3.006    3.006
(   3, 42)  coste     4.823    4.823
(   4, 12)  coste     6.969    6.969
(   4, 34)  coste     4.914    4.914
(   4, 37)  coste     7.453    7.453
(   5, 27)  coste     8.160    8.160
(   5, 33)  coste     10.596    10.596
(   6,  9)  coste     4.599    4.599
(   7, 50)  coste     4.108    4.108
(   8, 37)  coste     2.011    2.011
(   8, 42)  coste     3.791    3.791
(   9, 14)  coste     5.974    5.974
(   9, 23)  coste     4.866    4.866
(   9, 37)  coste     7.380    7.380
(  10, 19)  coste     8.449    8.449
(  10, 29)  coste     3.955    3.955
(  11, 12)  coste     4.806    4.806
(  11, 34)  coste     3.645    3.645
(  11, 49)  coste     3.050    3.050
(  12, 22)  coste     6.875    6.875
(  13, 20)  coste     3.120    3.120
(  13, 21)  coste     1.654    1.654
(  14, 28)  coste     10.471    10.471
(  14, 49)  coste     3.368    3.368
(  15, 41)  coste     4.976    4.976
(  16, 29)  coste     7.270    7.270
(  17, 29)  coste     6.074    6.074
(  18, 23)  coste     6.215    6.215
(  18, 40)  coste     5.097    5.097
(  18, 45)  coste     7.417    7.417
(  19, 25)  coste     5.769    5.769
(  20, 26)  coste     9.048    9.048
(  20, 27)  coste     10.390    10.390
(  20, 31)  coste     2.613    2.613
(  22, 41)  coste     6.591    6.591
(  22, 44)  coste     5.315    5.315
(  23, 29)  coste     6.646    6.646
(  26, 39)  coste     8.319    8.319
(  26, 43)  coste     8.626    8.626
(  26, 47)  coste     2.116    2.116
(  27, 28)  coste     3.540    3.540
(  27, 47)  coste     7.016    7.016
(  28, 37)  coste     7.617    7.617
(  32, 43)  coste     5.891    5.891
(  33, 40)  coste     5.271    5.271
(  33, 48)  coste     3.505    3.505
(  40, 43)  coste     2.917    2.917
(  46, 47)  coste     6.292    6.292
LISTA_ARISTAS_NOREQ :
(   1, 16)  coste     7.139    7.139
(   1, 20)  coste     4.470    4.470
(   1, 24)  coste     6.110    6.110
(   1, 25)  coste     4.212    4.212
(   1, 28)  coste     2.440    2.440
(   1, 31)  coste     3.691    3.691
(   1, 38)  coste     5.933    5.933
(   1, 46)  coste     1.906    1.906
(   1, 49)  coste     4.663    4.663
(   2,  5)  coste     7.812    7.812
(   2, 10)  coste     11.370    11.370
(   2, 13)  coste     14.758    14.758
(   2, 22)  coste     2.252    2.252
(   2, 23)  coste     9.533    9.533
(   2, 26)  coste     7.108    7.108
(   2, 27)  coste     1.364    1.364
(   2, 29)  coste     7.415    7.415
(   2, 49)  coste     6.945    6.945
(   3, 50)  coste     7.817    7.817
(   4,  6)  coste     7.138    7.138
(   4,  8)  coste     6.002    6.002
(   4, 10)  coste     6.630    6.630
(   4, 13)  coste     10.018    10.018
(   4, 40)  coste     3.675    3.675
(   4, 46)  coste     1.962    1.962
(   4, 48)  coste     1.097    1.097
(   5,  9)  coste     3.473    3.473
(   5, 11)  coste     3.849    3.849
(   5, 38)  coste     8.433    8.433
(   5, 45)  coste     5.951    5.951
(   5, 49)  coste     1.737    1.737
(   6, 20)  coste     7.820    7.820
(   6, 22)  coste     7.044    7.044
(   6, 25)  coste     3.816    3.816
(   6, 35)  coste     8.255    8.255
(   6, 49)  coste     1.993    1.993
(   7, 14)  coste     12.124    12.124
(   7, 22)  coste     3.705    3.705
(   7, 23)  coste     7.906    7.906
(   7, 43)  coste     9.485    9.485
(   7, 45)  coste     8.888    8.888
(   8, 12)  coste     8.457    8.457
(   8, 18)  coste     4.580    4.580
(   8, 19)  coste     5.081    5.081
(   8, 21)  coste     15.772    15.772
(   8, 26)  coste     3.968    3.968
(   8, 33)  coste     7.990    7.990
(   8, 40)  coste     9.677    9.677
(   9, 10)  coste     6.703    6.703
(   9, 11)  coste     1.196    1.196
(   9, 13)  coste     10.091    10.091
(   9, 15)  coste     4.744    4.744
(   9, 28)  coste     4.497    4.497
(   9, 31)  coste     5.748    5.748
(   9, 32)  coste     1.760    1.760
(   9, 35)  coste     3.744    3.744
(   9, 40)  coste     3.748    3.748
(  10, 14)  coste     11.367    11.367
(  10, 30)  coste     9.176    9.176
(  10, 33)  coste     4.642    4.642
(  10, 37)  coste     14.083    14.083
(  10, 40)  coste     3.541    3.541
(  10, 42)  coste     8.841    8.841
(  11, 21)  coste     11.039    11.039
(  11, 25)  coste     6.117    6.117
(  11, 33)  coste     6.747    6.747
(  11, 40)  coste     4.944    4.944
(  11, 43)  coste     7.861    7.861
(  13, 38)  coste     1.541    1.541
(  13, 39)  coste     5.449    5.449
(  14, 17)  coste     4.790    4.790
(  14, 24)  coste     6.445    6.445
(  14, 34)  coste     9.631    9.631
(  14, 37)  coste     12.170    12.170
(  15, 32)  coste     2.984    2.984
(  15, 38)  coste     9.350    9.350
(  15, 50)  coste     5.210    5.210
(  16, 18)  coste     3.173    3.173
(  16, 24)  coste     13.249    13.249
(  16, 45)  coste     10.590    10.590
(  16, 47)  coste     4.677    4.677
(  16, 49)  coste     6.376    6.376
(  17, 21)  coste     4.433    4.433
(  17, 40)  coste     3.036    3.036
(  18, 29)  coste     4.097    4.097
(  18, 42)  coste     3.669    3.669
(  18, 44)  coste     5.587    5.587
(  18, 50)  coste     4.661    4.661
(  19, 20)  coste     7.935    7.935
(  19, 22)  coste     5.501    5.501
(  19, 27)  coste     7.743    7.743
(  19, 32)  coste     4.816    4.816
(  19, 33)  coste     10.179    10.179
(  19, 38)  coste     9.398    9.398
(  19, 41)  coste     5.024    5.024
(  20, 21)  coste     2.756    2.756
(  20, 23)  coste     4.977    4.977
(  20, 24)  coste     2.750    2.750
(  20, 35)  coste     3.343    3.343
(  20, 40)  coste     3.339    3.339
(  20, 46)  coste     5.052    5.052
(  20, 49)  coste     5.827    5.827
(  21, 23)  coste     4.977    4.977
(  21, 48)  coste     8.673    8.673
(  22, 24)  coste     11.142    11.142
(  22, 30)  coste     5.738    5.738
(  22, 33)  coste     4.678    4.678
(  22, 40)  coste     6.163    6.163
(  22, 42)  coste     3.397    3.397
(  22, 43)  coste     9.080    9.080
(  23, 26)  coste     6.827    6.827
(  23, 44)  coste     4.484    4.484
(  24, 36)  coste     12.405    12.405
(  24, 40)  coste     4.979    4.979
(  24, 41)  coste     4.551    4.551
(  24, 50)  coste     14.737    14.737
(  25, 34)  coste     9.762    9.762
(  26, 30)  coste     0.524    0.524
(  26, 31)  coste     8.517    8.517
(  26, 42)  coste     1.817    1.817
(  27, 35)  coste     7.047    7.047
(  27, 37)  coste     4.077    4.077
(  28, 30)  coste     7.790    7.790
(  28, 40)  coste     3.511    3.511
(  29, 36)  coste     6.492    6.492
(  29, 42)  coste     5.842    5.842
(  29, 48)  coste     1.578    1.578
(  30, 33)  coste     10.416    10.416
(  31, 43)  coste     2.191    2.191
(  31, 45)  coste     6.870    6.870
(  31, 49)  coste     8.354    8.354
(  32, 34)  coste     5.615    5.615
(  32, 45)  coste     5.294    5.294
(  33, 36)  coste     8.725    8.725
(  33, 44)  coste     9.993    9.993
(  34, 42)  coste     2.703    2.703
(  35, 45)  coste     4.778    4.778
(  36, 47)  coste     3.833    3.833
(  36, 48)  coste     5.220    5.220
(  37, 49)  coste     9.234    9.234
(  39, 47)  coste     7.879    7.879
(  40, 48)  coste     2.578    2.578
(  41, 43)  coste     3.857    3.857
(  42, 44)  coste     2.520    2.520
(  42, 46)  coste     4.915    4.915
(  43, 45)  coste     5.497    5.497
(  43, 48)  coste     5.495    5.495
(  44, 49)  coste     1.472    1.472
(  45, 50)  coste     12.078    12.078
(  47, 50)  coste     6.165    6.165
