NOMBRE : N50E200R50_01
COMENTARIO : Generated instance
VERTICES : 50
ARISTAS_REQ : 50
ARISTAS_NOREQ : 150
COORDS :
1 8.000 7.000
2 2.000 9.000
3 6.000 3.000
4 5.000 0.000
5 8.000 4.000
6 9.000 3.000
7 0.000 7.000
8 6.000 7.000
9 6.000 4.000
10 7.000 5.000
11 2.000 4.000
12 6.000 0.000
13 0.000 1.000
14 0.000 9.000
15 0.000 3.000
16 4.000 4.000
17 2.000 2.000
18 4.000 5.000
19 1.000 4.000
20 2.000 8.000
21 1.000 2.000
22 8.000 5.000
23 9.000 6.000
24 1.000 0.000
25 6.000 9.000
26 7.000 4.000
27 5.000 4.000
28 1.000 5.000
29 4.000 6.000
30 3.000 5.000
31 3.000 9.000
32 9.000 1.000
33 8.000 3.000
34 8.000 2.000
35 2.000 3.000
36 2.000 6.000
37 4.000 7.000
38 8.000 1.000
39 5.000 6.000
40 9.000 5.000
41 2.000 7.000
42 3.000 2.000
43 4.000 1.000
44 2.000 5.000
45 7.000 3.000
46 8.000 0.000
47 6.000 2.000
48 5.000 8.000
49 7.000 2.000
50 3.000 8.000
LISTA_ARISTAS_REQ :
(   1, 17)  coste     11.000    11.000
(   2, 12)  coste     13.000    13.000
(   2, 37)  coste     4.000    4.000
(   3, 42)  coste     4.000    4.000
(   5, 42)  coste     7.000    7.000
(   6, 33)  coste     1.000    1.000
(   6, 42)  coste     7.000    7.000
(   6, 49)  coste     3.000    3.000
(   7, 15)  coste     4.000    4.000
(   7, 19)  coste     4.000    4.000
(   7, 20)  coste     3.000    3.000
(   7, 33)  coste     12.000    12.000
(   8, 16)  coste     5.000    5.000
(   8, 18)  coste     4.000    4.000
(   8, 37)  coste     2.000    2.000
(   9, 18)  coste     3.000    3.000
(  11, 21)  coste     3.000    3.000
(  11, 48)  coste     7.000    7.000
(  12, 29)  coste     8.000    8.000
(  12, 38)  coste     3.000    3.000
(  13, 22)  coste     12.000    12.000
(  13, 47)  coste     7.000    7.000
(  14, 17)  coste     9.000    9.000
(  14, 31)  coste     3.000    3.000
(  14, 33)  coste     14.000    14.000
(  15, 25)  coste     12.000    12.000
(  15, 40)  coste     11.000    11.000
(  16, 39)  coste     3.000    3.000
(  19, 46)  coste     11.000    11.000
(  20, 49)  coste     11.000    11.000
(  22, 43)  coste     8.000    8.000
(  24, 39)  coste     10.000    10.000
(  26, 34)  coste     3.000    3.000
(  26, 38)  coste     4.000    4.000
(  26, 43)  coste     6.000    6.000
(  27, 47)  coste     3.000    3.000
(  28, 30)  coste     2.000    2.000
(  29, 35)  coste     5.000    5.000
(  30, 31)  coste     4.000    4.000
(  30, 44)  coste     1.000    1.000
(  31, 40)  coste     10.000    10.000
(  31, 46)  coste     14.000    14.000
(  34, 42)  coste     5.000    5.000
(  35, 38)  coste     8.000    8.000
(  38, 43)  coste     4.000    4.000
(  40, 42)  coste     9.000    9.000
(  40, 48)  coste     7.000    7.000
(  42, 43)  coste     2.000    2.000
(  43, 49)  coste     4.000    4.000
(  45, 49)  coste     1.000    1.000
LISTA_ARISTAS_NOREQ :
(   1,  9)  coste     5.000    5.000
(   1, 21)  coste     12.000    12.000
(   1, 24)  coste     14.000    14.000
(   1, 26)  coste     4.000    4.000
(   1, 49)  coste     6.000    6.000
(   2,  3)  coste     10.000    10.000
(   2,  5)  coste     11.000    11.000
(   2, 11)  coste     5.000    5.000
(   2, 19)  coste     6.000    6.000
(   2, 26)  coste     10.000    10.000
(   2, 33)  coste     12.000    12.000
(   3, 12)  coste     3.000    3.000
(   3, 40)  coste     5.000    5.000
(   4,  9)  coste     5.000    5.000
(   4, 10)  coste     7.000    7.000
(   4, 25)  coste     10.000    10.000
(   4, 27)  coste     4.000    4.000
(   4, 28)  coste     9.000    9.000
(   5,  6)  coste     2.000    2.000
(   5, 23)  coste     3.000    3.000
(   5, 24)  coste     11.000    11.000
(   5, 28)  coste     8.000    8.000
(   5, 32)  coste     4.000    4.000
(   5, 39)  coste     5.000    5.000
(   5, 44)  coste     7.000    7.000
(   6,  7)  coste     13.000    13.000
(   6, 12)  coste     6.000    6.000
(   6, 14)  coste     15.000    15.000
(   6, 17)  coste     8.000    8.000
(   6, 30)  coste     8.000    8.000
(   6, 35)  coste     7.000    7.000
(   6, 36)  coste     10.000    10.000
(   6, 37)  coste     9.000    9.000
(   6, 40)  coste     2.000    2.000
(   6, 45)  coste     2.000    2.000
(   6, 47)  coste     4.000    4.000
(   6, 48)  coste     9.000    9.000
(   7,  8)  coste     6.000    6.000
(   7, 22)  coste     10.000    10.000
(   7, 27)  coste     8.000    8.000
(   7, 28)  coste     3.000    3.000
(   7, 42)  coste     8.000    8.000
(   7, 44)  coste     4.000    4.000
(   7, 49)  coste     12.000    12.000
(   7, 50)  coste     4.000    4.000
(   8, 22)  coste     4.000    4.000
(   8, 25)  coste     2.000    2.000
(   8, 28)  coste     7.000    7.000
(   8, 35)  coste     8.000    8.000
(   8, 42)  coste     8.000    8.000
(   8, 49)  coste     6.000    6.000
(   9, 13)  coste     9.000    9.000
(   9, 40)  coste     4.000    4.000
(   9, 46)  coste     6.000    6.000
(   9, 47)  coste     2.000    2.000
(  10, 17)  coste     8.000    8.000
(  10, 22)  coste     1.000    1.000
(  10, 24)  coste     11.000    11.000
(  10, 27)  coste     3.000    3.000
(  10, 30)  coste     4.000    4.000
(  10, 35)  coste     7.000    7.000
(  10, 40)  coste     2.000    2.000
(  11, 16)  coste     2.000    2.000
(  11, 33)  coste     7.000    7.000
(  11, 46)  coste     10.000    10.000
(  11, 47)  coste     6.000    6.000
(  11, 50)  coste     5.000    5.000
(  12, 26)  coste     5.000    5.000
(  12, 42)  coste     5.000    5.000
(  12, 49)  coste     3.000    3.000
(  13, 21)  coste     2.000    2.000
(  13, 26)  coste     10.000    10.000
(  13, 27)  coste     8.000    8.000
(  13, 28)  coste     5.000    5.000
(  13, 41)  coste     8.000    8.000
(  14, 19)  coste     6.000    6.000
(  14, 26)  coste     12.000    12.000
(  14, 37)  coste     6.000    6.000
(  14, 39)  coste     8.000    8.000
(  14, 48)  coste     6.000    6.000
(  15, 18)  coste     6.000    6.000
(  15, 20)  coste     7.000    7.000
(  15, 24)  coste     4.000    4.000
(  15, 26)  coste     8.000    8.000
(  15, 29)  coste     7.000    7.000
(  15, 48)  coste     10.000    10.000
(  15, 49)  coste     8.000    8.000
(  16, 24)  coste     7.000    7.000
(  16, 28)  coste     4.000    4.000
(  16, 38)  coste     7.000    7.000
(  16, 43)  coste     3.000    3.000
(  16, 44)  coste     3.000    3.000
(  16, 50)  coste     5.000    5.000
(  17, 25)  coste     11.000    11.000
(  17, 38)  coste     7.000    7.000
(  17, 48)  coste     9.000    9.000
(  18, 19)  coste     4.000    4.000
(  18, 25)  coste     6.000    6.000
(  18, 32)  coste     9.000    9.000
(  20, 22)  coste     9.000    9.000
(  20, 27)  coste     7.000    7.000
(  20, 33)  coste     11.000    11.000
(  21, 33)  coste     8.000    8.000
(  21, 38)  coste     8.000    8.000
(  21, 46)  coste     9.000    9.000
(  22, 29)  coste     5.000    5.000
(  22, 31)  coste     9.000    9.000
(  23, 28)  coste     9.000    9.000
(  23, 30)  coste     7.000    7.000
(  23, 31)  coste     9.000    9.000
(  23, 40)  coste     1.000    1.000
(  23, 45)  coste     5.000    5.000
(  24, 47)  coste     7.000    7.000
(  25, 33)  coste     8.000    8.000
(  25, 43)  coste     10.000    10.000
(  26, 37)  coste     6.000    6.000
(  26, 41)  coste     8.000    8.000
(  27, 30)  coste     3.000    3.000
(  27, 36)  coste     5.000    5.000
(  27, 42)  coste     4.000    4.000
(  27, 50)  coste     6.000    6.000
(  28, 38)  coste     11.000    11.000
(  28, 44)  coste     1.000    1.000
(  28, 46)  coste     12.000    12.000
(  28, 50)  coste     5.000    5.000
(  29, 42)  coste     5.000    5.000
(  29, 43)  coste     5.000    5.000
(  29, 46)  coste     10.000    10.000
(  30, 36)  coste     2.000    2.000
(  30, 39)  coste     3.000    3.000
(  30, 48)  coste     5.000    5.000
(  32, 40)  coste     4.000    4.000
(  33, 39)  coste     6.000    6.000
(  33, 46)  coste     3.000    3.000
(  34, 40)  coste     4.000    4.000
(  34, 43)  coste     5.000    5.000
(  35, 37)  coste     6.000    6.000
(  35, 45)  coste     5.000    5.000
(  35, 50)  coste     6.000    6.000
(  36, 38)  coste     11.000    11.000
(  37, 38)  coste     10.000    10.000
(  37, 45)  coste     7.000    7.000
(  37, 46)  coste     11.000    11.000
(  37, 50)  coste     2.000    2.000
(  38, 47)  coste     3.000    3.000
(  39, 41)  coste     4.000    4.000
(  40, 47)  coste     6.000    6.000
(  40, 50)  coste     9.000    9.000
(  42, 44)  coste     4.000    4.000
(  47, 48)  coste     7.000    7.000
