NOMBRE : N50E200R50_02
COMENTARIO : Generated instance
VERTICES : 50
ARISTAS_REQ : 50
ARISTAS_NOREQ : 150
COORDS :
1 6.367 5.608
2 6.055 7.838
3 7.391 7.113
4 4.205 2.815
5 0.889 1.201
6 6.967 3.225
7 9.071 3.031
8 0.163 9.718
9 8.569 6.915
10 6.208 1.169
11 5.856 6.480
12 8.472 2.761
13 2.001 0.053
14 1.088 0.356
15 0.092 6.533
16 5.419 9.361
17 7.256 4.437
18 9.762 7.955
19 6.979 6.017
20 7.629 3.739
21 4.928 4.549
22 2.237 3.441
23 4.948 3.135
24 8.509 8.369
25 6.326 4.079
26 1.452 9.585
27 8.801 7.959
28 3.315 1.287
29 1.143 6.521
30 1.784 7.656
31 5.448 7.956
32 9.953 8.903
33 0.334 3.699
34 3.045 3.629
35 9.263 1.515
36 4.997 8.294
37 8.267 1.672
38 5.128 2.273
39 8.815 4.119
40 9.773 6.420
41 2.421 5.906
42 7.422 5.066
43 5.582 5.426
44 4.797 1.527
45 8.776 0.731
46 3.653 2.831
47 9.668 2.096
48 7.156 9.090
49 1.506 1.950
50 1.235 5.093
LISTA_ARISTAS_REQ :
(   1,  3)  coste     2.529    2.529
(   1, 15)  coste     7.200    7.200
(   2, 10)  coste     6.822    6.822
(   2, 26)  coste     6.350    6.350
(   2, 44)  coste     7.569    7.569
(   2, 45)  coste     9.828    9.828
(   3, 19)  coste     1.508    1.508
(   3, 47)  coste     7.294    7.294
(   4, 27)  coste     9.740    9.740
(   5, 46)  coste     4.394    4.394
(   6, 17)  coste     1.501    1.501
(   8, 21)  coste     9.934    9.934
(   8, 29)  coste     4.177    4.177
(   8, 34)  coste     8.971    8.971
(   8, 47)  coste     17.127    17.127
(   8, 50)  coste     5.697    5.697
(   9, 21)  coste     6.007    6.007
(  12, 40)  coste     4.960    4.960
(  13, 26)  coste     10.081    10.081
(  14, 16)  coste     13.336    13.336
(  14, 44)  coste     4.880    4.880
(  15, 18)  coste     11.092    11.092
(  15, 23)  coste     8.254    8.254
(  15, 24)  coste     10.253    10.253
(  15, 28)  coste     8.469    8.469
(  16, 23)  coste     6.697    6.697
(  16, 50)  coste     8.452    8.452
(  20, 33)  coste     7.335    7.335
(  21, 33)  coste     5.444    5.444
(  22, 26)  coste     6.929    6.929
(  23, 26)  coste     9.946    9.946
(  23, 31)  coste     5.321    5.321
(  23, 32)  coste     10.773    10.773
(  24, 49)  coste     13.422    13.422
(  25, 30)  coste     8.119    8.119
(  25, 42)  coste     2.083    2.083
(  25, 49)  coste     6.949    6.949
(  26, 32)  coste     9.183    9.183
(  26, 40)  coste     11.486    11.486
(  28, 30)  coste     7.900    7.900
(  29, 46)  coste     6.200    6.200
(  30, 36)  coste     3.851    3.851
(  30, 43)  coste     6.028    6.028
(  33, 41)  coste     4.294    4.294
(  35, 42)  coste     5.392    5.392
(  36, 48)  coste     2.955    2.955
(  37, 39)  coste     2.995    2.995
(  37, 43)  coste     6.439    6.439
(  37, 44)  coste     3.615    3.615
(  41, 49)  coste     4.871    4.871
LISTA_ARISTAS_NOREQ :
(   1,  6)  coste     2.983    2.983
(   1, 11)  coste     1.383    1.383
(   1, 38)  coste     4.574    4.574
(   1, 39)  coste     3.937    3.937
(   2,  8)  coste     7.772    7.772
(   2, 17)  coste     4.602    4.602
(   2, 20)  coste     5.673    5.673
(   2, 41)  coste     5.566    5.566
(   3, 13)  coste     12.450    12.450
(   3, 14)  coste     13.060    13.060
(   3, 15)  coste     7.879    7.879
(   3, 30)  coste     6.150    6.150
(   3, 35)  coste     7.470    7.470
(   4,  6)  coste     3.172    3.172
(   4, 13)  coste     4.966    4.966
(   4, 22)  coste     2.594    2.594
(   4, 25)  coste     3.385    3.385
(   4, 30)  coste     7.262    7.262
(   4, 31)  coste     6.384    6.384
(   4, 35)  coste     6.358    6.358
(   4, 41)  coste     4.875    4.875
(   4, 45)  coste     6.655    6.655
(   5,  7)  coste     10.012    10.012
(   5, 14)  coste     1.044    1.044
(   5, 28)  coste     2.512    2.512
(   5, 33)  coste     3.053    3.053
(   5, 36)  coste     11.201    11.201
(   6, 18)  coste     7.525    7.525
(   6, 20)  coste     1.176    1.176
(   6, 22)  coste     4.946    4.946
(   6, 23)  coste     2.109    2.109
(   6, 27)  coste     6.568    6.568
(   6, 28)  coste     5.590    5.590
(   6, 45)  coste     4.303    4.303
(   7, 13)  coste     10.048    10.048
(   7, 22)  coste     7.244    7.244
(   7, 27)  coste     5.198    5.198
(   7, 31)  coste     8.548    8.548
(   7, 45)  coste     2.595    2.595
(   8, 10)  coste     14.594    14.594
(   8, 19)  coste     10.517    10.517
(   8, 36)  coste     6.258    6.258
(   8, 44)  coste     12.825    12.825
(   9, 15)  coste     8.859    8.859
(   9, 23)  coste     7.401    7.401
(   9, 24)  coste     1.514    1.514
(   9, 26)  coste     9.787    9.787
(   9, 28)  coste     10.882    10.882
(   9, 38)  coste     8.083    8.083
(   9, 40)  coste     1.699    1.699
(  10, 21)  coste     4.660    4.660
(  10, 24)  coste     9.501    9.501
(  10, 25)  coste     3.028    3.028
(  10, 33)  coste     8.404    8.404
(  10, 48)  coste     8.869    8.869
(  11, 35)  coste     8.372    8.372
(  11, 43)  coste     1.328    1.328
(  11, 44)  coste     6.012    6.012
(  12, 13)  coste     9.179    9.179
(  12, 19)  coste     4.749    4.749
(  12, 21)  coste     5.332    5.332
(  12, 26)  coste     13.844    13.844
(  12, 32)  coste     7.623    7.623
(  12, 37)  coste     1.294    1.294
(  13, 30)  coste     7.820    7.820
(  13, 34)  coste     4.620    4.620
(  13, 37)  coste     7.885    7.885
(  13, 38)  coste     5.347    5.347
(  13, 48)  coste     14.192    14.192
(  14, 15)  coste     7.173    7.173
(  14, 19)  coste     11.552    11.552
(  14, 23)  coste     6.639    6.639
(  14, 24)  coste     15.434    15.434
(  14, 43)  coste     9.564    9.564
(  15, 27)  coste     10.135    10.135
(  15, 34)  coste     5.857    5.857
(  15, 38)  coste     9.296    9.296
(  15, 39)  coste     11.137    11.137
(  16, 17)  coste     6.761    6.761
(  16, 18)  coste     5.749    5.749
(  17, 21)  coste     2.440    2.440
(  17, 22)  coste     6.015    6.015
(  18, 20)  coste     6.349    6.349
(  18, 21)  coste     8.240    8.240
(  18, 24)  coste     1.667    1.667
(  18, 28)  coste     13.115    13.115
(  18, 48)  coste     3.741    3.741
(  19, 22)  coste     7.318    7.318
(  19, 31)  coste     3.470    3.470
(  19, 44)  coste     6.672    6.672
(  19, 45)  coste     7.083    7.083
(  20, 28)  coste     6.766    6.766
(  20, 32)  coste     7.488    7.488
(  20, 35)  coste     3.858    3.858
(  20, 42)  coste     1.534    1.534
(  20, 44)  coste     5.044    5.044
(  20, 48)  coste     5.824    5.824
(  21, 29)  coste     5.757    5.757
(  22, 27)  coste     11.082    11.082
(  22, 29)  coste     4.174    4.174
(  23, 30)  coste     7.685    7.685
(  23, 50)  coste     5.671    5.671
(  24, 25)  coste     6.473    6.473
(  24, 35)  coste     7.608    7.608
(  24, 37)  coste     6.939    6.939
(  24, 39)  coste     4.556    4.556
(  24, 43)  coste     5.870    5.870
(  24, 47)  coste     7.432    7.432
(  25, 29)  coste     7.625    7.625
(  25, 37)  coste     4.348    4.348
(  26, 45)  coste     16.178    16.178
(  27, 28)  coste     12.158    12.158
(  27, 42)  coste     4.272    4.272
(  27, 48)  coste     2.776    2.776
(  28, 43)  coste     6.406    6.406
(  28, 46)  coste     1.882    1.882
(  29, 35)  coste     13.126    13.126
(  29, 49)  coste     4.934    4.934
(  29, 50)  coste     1.520    1.520
(  30, 48)  coste     6.806    6.806
(  31, 34)  coste     6.730    6.730
(  31, 40)  coste     5.861    5.861
(  31, 43)  coste     2.664    2.664
(  31, 46)  coste     6.920    6.920
(  32, 37)  coste     8.917    8.917
(  33, 40)  coste     12.160    12.160
(  33, 42)  coste     8.455    8.455
(  34, 35)  coste     8.332    8.332
(  34, 37)  coste     7.179    7.179
(  34, 39)  coste     6.260    6.260
(  34, 43)  coste     4.334    4.334
(  34, 44)  coste     3.854    3.854
(  35, 41)  coste     11.233    11.233
(  35, 48)  coste     9.682    9.682
(  36, 49)  coste     9.835    9.835
(  36, 50)  coste     6.963    6.963
(  37, 46)  coste     5.773    5.773
(  38, 43)  coste     3.607    3.607
(  39, 40)  coste     3.259    3.259
(  39, 41)  coste     8.181    8.181
(  41, 42)  coste     5.841    5.841
(  42, 46)  coste     6.004    6.004
(  42, 47)  coste     5.216    5.216
(  42, 50)  coste     6.214    6.214
(  43, 49)  coste     7.552    7.552
(  44, 45)  coste     4.775    4.775
(  45, 50)  coste     11.903    11.903
(  46, 48)  coste     9.762    9.762
(  47, 48)  coste     9.506    9.506
(  47, 50)  coste     11.430    11.430
