NOMBRE : N50E200R50_05
COMENTARIO : Generated instance
VERTICES : 50
ARISTAS_REQ : 50
ARISTAS_NOREQ : 150
COORDS :
1 2.865 6.794
2 5.295 8.904
3 5.578 5.284
4 8.973 9.388
5 8.900 3.008
6 7.970 3.506
7 7.982 6.226
8 1.944 9.158
9 0.336 4.241
10 2.040 4.807
11 0.252 8.899
12 6.259 2.050
13 2.862 0.028
14 4.827 3.891
15 0.969 1.383
16 3.271 1.477
17 0.316 0.462
18 5.251 0.944
19 1.514 7.925
20 6.184 3.240
21 3.171 0.753
22 5.506 9.102
23 4.748 9.692
24 5.545 3.273
25 6.422 1.988
26 2.331 1.399
27 3.938 5.430
28 5.799 1.740
29 7.640 0.607
30 9.710 2.749
31 5.947 7.541
32 8.419 2.914
33 8.821 1.255
34 9.928 9.683
35 0.330 9.083
36 9.625 1.426
37 8.870 0.880
38 2.518 8.888
39 6.510 6.028
40 6.294 5.301
41 8.263 8.717
42 4.541 1.214
43 6.989 7.334
44 1.082 0.004
45 5.451 6.525
46 9.477 6.448
47 4.928 2.336
48 5.174 4.722
49 9.061 5.944
50 9.529 0.501
LISTA_ARISTAS_REQ :
(   1, 19)  coste     2.482    2.482
(   1, 27)  coste     2.437    2.437
(   1, 47)  coste     6.521    6.521
(   2,  9)  coste     9.622    9.622
(   2, 28)  coste     7.668    7.668
(   3, 12)  coste     3.915    3.915
(   5, 11)  coste     14.539    14.539
(   6, 27)  coste     5.956    5.956
(   7,  8)  coste     8.970    8.970
(   7, 21)  coste     10.284    10.284
(   7, 37)  coste     6.234    6.234
(   7, 41)  coste     2.772    2.772
(   8, 27)  coste     5.722    5.722
(   8, 35)  coste     1.689    1.689
(   9, 31)  coste     8.911    8.911
(  10, 15)  coste     4.495    4.495
(  10, 30)  coste     9.728    9.728
(  10, 44)  coste     5.761    5.761
(  11, 16)  coste     10.441    10.441
(  12, 33)  coste     3.357    3.357
(  12, 46)  coste     7.616    7.616
(  16, 25)  coste     3.662    3.662
(  16, 26)  coste     1.018    1.018
(  16, 27)  coste     4.620    4.620
(  16, 44)  coste     3.662    3.662
(  17, 35)  coste     8.635    8.635
(  19, 29)  coste     13.444    13.444
(  20, 44)  coste     8.338    8.338
(  21, 26)  coste     1.486    1.486
(  21, 31)  coste     9.564    9.564
(  21, 42)  coste     1.831    1.831
(  22, 48)  coste     4.712    4.712
(  22, 49)  coste     6.713    6.713
(  23, 39)  coste     5.426    5.426
(  24, 42)  coste     3.063    3.063
(  26, 28)  coste     3.809    3.809
(  26, 32)  coste     7.603    7.603
(  27, 43)  coste     4.955    4.955
(  27, 48)  coste     1.944    1.944
(  28, 41)  coste     9.441    9.441
(  29, 37)  coste     1.503    1.503
(  29, 45)  coste     8.107    8.107
(  29, 46)  coste     7.678    7.678
(  30, 41)  coste     7.415    7.415
(  31, 42)  coste     7.733    7.733
(  36, 39)  coste     7.717    7.717
(  36, 50)  coste     1.021    1.021
(  39, 43)  coste     1.785    1.785
(  40, 47)  coste     4.331    4.331
(  45, 50)  coste     10.102    10.102
LISTA_ARISTAS_NOREQ :
(   1,  9)  coste     5.082    5.082
(   1, 24)  coste     6.201    6.201
(   1, 28)  coste     7.988    7.988
(   1, 32)  coste     9.434    9.434
(   1, 37)  coste     11.919    11.919
(   2,  6)  coste     8.073    8.073
(   2, 18)  coste     8.004    8.004
(   2, 38)  coste     2.793    2.793
(   2, 40)  coste     4.602    4.602
(   2, 43)  coste     3.264    3.264
(   3,  7)  coste     3.346    3.346
(   3, 23)  coste     5.238    5.238
(   3, 25)  coste     4.140    4.140
(   3, 43)  coste     3.461    3.461
(   4, 11)  coste     9.210    9.210
(   4, 29)  coste     10.114    10.114
(   4, 30)  coste     7.376    7.376
(   4, 35)  coste     8.948    8.948
(   4, 37)  coste     8.611    8.611
(   4, 41)  coste     1.381    1.381
(   4, 42)  coste     12.606    12.606
(   5, 29)  coste     3.661    3.661
(   5, 30)  coste     1.069    1.069
(   5, 45)  coste     6.966    6.966
(   5, 46)  coste     4.017    4.017
(   6,  7)  coste     2.732    2.732
(   6, 10)  coste     7.231    7.231
(   6, 16)  coste     6.728    6.728
(   6, 21)  coste     7.552    7.552
(   6, 31)  coste     6.058    6.058
(   6, 36)  coste     3.735    3.735
(   7, 16)  coste     9.460    9.460
(   7, 32)  coste     3.749    3.749
(   7, 44)  coste     13.122    13.122
(   8, 32)  coste     12.719    12.719
(   8, 39)  coste     7.696    7.696
(   8, 41)  coste     6.760    6.760
(   8, 42)  coste     10.541    10.541
(   9, 10)  coste     2.270    2.270
(   9, 20)  coste     6.849    6.849
(   9, 29)  coste     10.938    10.938
(   9, 34)  coste     15.034    15.034
(   9, 43)  coste     9.746    9.746
(   9, 45)  coste     7.399    7.399
(   9, 50)  coste     12.933    12.933
(  10, 35)  coste     5.986    5.986
(  11, 14)  coste     9.583    9.583
(  11, 20)  coste     11.591    11.591
(  11, 21)  coste     11.065    11.065
(  11, 47)  coste     11.239    11.239
(  12, 13)  coste     5.419    5.419
(  12, 16)  coste     3.561    3.561
(  12, 19)  coste     10.620    10.620
(  12, 20)  coste     1.265    1.265
(  12, 25)  coste     0.225    0.225
(  12, 28)  coste     0.770    0.770
(  12, 47)  coste     1.617    1.617
(  13, 15)  coste     3.248    3.248
(  13, 33)  coste     7.186    7.186
(  13, 41)  coste     14.090    14.090
(  14, 33)  coste     6.630    6.630
(  14, 38)  coste     7.306    7.306
(  14, 42)  coste     2.963    2.963
(  14, 47)  coste     1.656    1.656
(  15, 23)  coste     12.088    12.088
(  15, 26)  coste     1.378    1.378
(  15, 36)  coste     8.699    8.699
(  15, 37)  coste     8.404    8.404
(  15, 47)  coste     4.912    4.912
(  15, 50)  coste     9.442    9.442
(  16, 32)  coste     6.585    6.585
(  16, 33)  coste     5.772    5.772
(  16, 35)  coste     10.547    10.547
(  16, 38)  coste     8.164    8.164
(  16, 39)  coste     7.790    7.790
(  16, 41)  coste     12.232    12.232
(  16, 46)  coste     11.177    11.177
(  17, 18)  coste     5.417    5.417
(  17, 23)  coste     13.662    13.662
(  17, 31)  coste     12.710    12.710
(  17, 32)  coste     10.555    10.555
(  17, 36)  coste     10.273    10.273
(  17, 45)  coste     11.198    11.198
(  18, 22)  coste     8.413    8.413
(  18, 26)  coste     3.375    3.375
(  18, 29)  coste     2.726    2.726
(  18, 32)  coste     5.138    5.138
(  18, 42)  coste     0.980    0.980
(  18, 45)  coste     5.781    5.781
(  19, 20)  coste     9.355    9.355
(  19, 25)  coste     10.845    10.845
(  19, 30)  coste     13.372    13.372
(  19, 34)  coste     10.172    10.172
(  19, 38)  coste     1.967    1.967
(  19, 49)  coste     9.528    9.528
(  20, 27)  coste     4.436    4.436
(  20, 35)  coste     11.697    11.697
(  20, 40)  coste     2.171    2.171
(  20, 48)  coste     2.492    2.492
(  20, 49)  coste     5.581    5.581
(  21, 24)  coste     4.894    4.894
(  21, 33)  coste     6.152    6.152
(  21, 46)  coste     12.001    12.001
(  22, 23)  coste     1.348    1.348
(  22, 36)  coste     11.795    11.795
(  23, 30)  coste     11.905    11.905
(  23, 42)  coste     8.685    8.685
(  23, 43)  coste     4.599    4.599
(  24, 32)  coste     3.233    3.233
(  24, 36)  coste     5.927    5.927
(  24, 50)  coste     6.756    6.756
(  25, 26)  coste     4.680    4.680
(  25, 35)  coste     13.187    13.187
(  25, 38)  coste     10.804    10.804
(  25, 41)  coste     8.570    8.570
(  26, 40)  coste     7.865    7.865
(  26, 48)  coste     6.166    6.166
(  27, 36)  coste     9.691    9.691
(  27, 38)  coste     4.878    4.878
(  28, 48)  coste     3.607    3.607
(  29, 36)  coste     2.804    2.804
(  29, 38)  coste     13.403    13.403
(  30, 47)  coste     5.195    5.195
(  31, 32)  coste     7.099    7.099
(  32, 36)  coste     2.694    2.694
(  32, 42)  coste     5.578    5.578
(  32, 45)  coste     6.579    6.579
(  32, 49)  coste     3.672    3.672
(  33, 36)  coste     0.975    0.975
(  33, 43)  coste     7.911    7.911
(  34, 37)  coste     9.861    9.861
(  35, 38)  coste     2.383    2.383
(  36, 41)  coste     8.653    8.653
(  36, 42)  coste     5.296    5.296
(  37, 43)  coste     8.335    8.335
(  37, 50)  coste     1.038    1.038
(  38, 39)  coste     6.852    6.852
(  38, 43)  coste     6.025    6.025
(  38, 44)  coste     10.320    10.320
(  38, 48)  coste     6.822    6.822
(  40, 44)  coste     10.509    10.509
(  40, 45)  coste     2.067    2.067
(  40, 49)  coste     3.410    3.410
(  41, 44)  coste     15.894    15.894
(  41, 49)  coste     3.571    3.571
(  41, 50)  coste     9.482    9.482
(  42, 47)  coste     1.509    1.509
(  42, 48)  coste     4.141    4.141
(  42, 50)  coste     5.701    5.701
(  44, 45)  coste     10.890    10.890
