NOMBRE : N50E200R50_04
COMENTARIO : Generated instance
VERTICES : 50
ARISTAS_REQ : 50
ARISTAS_NOREQ : 150
COORDS :
1 5.683 7.835
2 8.420 9.377
3 8.884 7.712
4 1.582 9.971
5 4.597 2.851
6 5.247 5.347
7 1.491 4.986
8 9.985 8.545
9 1.676 0.738
10 6.538 7.733
11 5.423 9.571
12 7.863 4.822
13 0.188 6.517
14 5.571 0.729
15 7.336 9.617
16 0.991 2.808
17 3.085 9.022
18 8.168 5.034
19 6.103 9.722
20 7.991 1.258
21 7.113 5.925
22 2.699 1.598
23 5.316 6.314
24 4.796 8.869
25 3.164 4.196
26 3.210 0.063
27 9.840 3.462
28 5.608 1.931
29 6.415 5.718
30 3.116 2.543
31 7.167 0.969
32 1.717 6.247
33 3.617 3.114
34 4.230 3.579
35 2.018 8.303
36 8.525 8.006
37 6.824 4.146
38 8.999 3.410
39 0.641 5.234
40 2.074 3.271
41 3.237 6.590
42 8.290 1.599
43 4.065 6.341
44 5.431 4.901
45 9.732 7.420
46 1.646 2.741
47 4.141 0.654
48 0.329 9.500
49 4.076 1.446
50 4.174 4.461
LISTA_ARISTAS_REQ :
(   1, 13)  coste     6.813    6.813
(   1, 28)  coste     5.979    5.979
(   2, 45)  coste     3.269    3.269
(   3,  4)  coste     9.561    9.561
(   3, 15)  coste     3.453    3.453
(   4,  7)  coste     5.076    5.076
(   4, 12)  coste     11.430    11.430
(   4, 30)  coste     8.962    8.962
(   4, 34)  coste     9.040    9.040
(   5, 10)  coste     6.823    6.823
(   5, 49)  coste     1.926    1.926
(   8, 20)  coste     9.281    9.281
(   8, 30)  coste     12.871    12.871
(   9, 11)  coste     12.580    12.580
(   9, 15)  coste     14.539    14.539
(   9, 45)  coste     14.738    14.738
(  10, 18)  coste     4.329    4.329
(  10, 21)  coste     2.383    2.383
(  10, 28)  coste     6.732    6.732
(  10, 45)  coste     3.507    3.507
(  11, 40)  coste     9.649    9.649
(  13, 14)  coste     11.171    11.171
(  13, 37)  coste     9.007    9.007
(  13, 45)  coste     10.447    10.447
(  14, 47)  coste     1.505    1.505
(  15, 40)  coste     11.608    11.608
(  16, 21)  coste     9.239    9.239
(  16, 37)  coste     7.171    7.171
(  16, 38)  coste     8.610    8.610
(  17, 27)  coste     12.315    12.315
(  17, 35)  coste     1.786    1.786
(  17, 41)  coste     2.584    2.584
(  19, 25)  coste     8.465    8.465
(  20, 30)  coste     6.160    6.160
(  21, 24)  coste     5.261    5.261
(  22, 43)  coste     6.109    6.109
(  23, 42)  coste     7.689    7.689
(  24, 30)  coste     8.006    8.006
(  27, 29)  coste     5.681    5.681
(  28, 37)  coste     3.431    3.431
(  28, 40)  coste     4.874    4.874
(  30, 41)  coste     4.168    4.168
(  31, 49)  coste     3.568    3.568
(  32, 46)  coste     3.577    3.577
(  35, 47)  coste     9.772    9.772
(  36, 41)  coste     6.704    6.704
(  41, 44)  coste     3.883    3.883
(  42, 49)  coste     4.367    4.367
(  46, 50)  coste     4.248    4.248
(  47, 48)  coste     12.658    12.658
LISTA_ARISTAS_NOREQ :
(   1,  2)  coste     4.279    4.279
(   1, 23)  coste     1.888    1.888
(   1, 29)  coste     2.849    2.849
(   1, 32)  coste     5.554    5.554
(   1, 39)  coste     7.643    7.643
(   1, 49)  coste     7.996    7.996
(   2, 13)  coste     11.092    11.092
(   2, 21)  coste     4.759    4.759
(   2, 22)  coste     13.500    13.500
(   2, 25)  coste     10.437    10.437
(   2, 28)  coste     10.258    10.258
(   2, 31)  coste     9.661    9.661
(   2, 37)  coste     6.827    6.827
(   2, 44)  coste     7.465    7.465
(   2, 48)  coste     8.214    8.214
(   3,  8)  coste     1.934    1.934
(   3, 11)  coste     5.320    5.320
(   3, 17)  coste     7.109    7.109
(   3, 20)  coste     7.347    7.347
(   3, 21)  coste     3.558    3.558
(   3, 30)  coste     10.937    10.937
(   3, 42)  coste     6.707    6.707
(   3, 44)  coste     6.264    6.264
(   3, 50)  coste     7.961    7.961
(   4,  8)  coste     9.829    9.829
(   4,  9)  coste     9.327    9.327
(   4, 44)  coste     8.919    8.919
(   4, 48)  coste     1.724    1.724
(   5, 14)  coste     3.096    3.096
(   5, 29)  coste     4.685    4.685
(   5, 46)  coste     3.061    3.061
(   5, 47)  coste     2.653    2.653
(   5, 50)  coste     2.033    2.033
(   6, 10)  coste     3.677    3.677
(   6, 18)  coste     3.234    3.234
(   6, 24)  coste     3.973    3.973
(   6, 35)  coste     6.185    6.185
(   6, 37)  coste     2.778    2.778
(   6, 44)  coste     0.630    0.630
(   6, 46)  coste     6.207    6.207
(   7, 22)  coste     4.596    4.596
(   7, 26)  coste     6.642    6.642
(   7, 33)  coste     3.998    3.998
(   7, 43)  coste     3.929    3.929
(   7, 49)  coste     6.125    6.125
(   8, 12)  coste     5.845    5.845
(   8, 15)  coste     3.721    3.721
(   8, 23)  coste     6.900    6.900
(   8, 27)  coste     5.228    5.228
(   8, 32)  coste     10.566    10.566
(   8, 36)  coste     1.999    1.999
(   8, 40)  coste     13.185    13.185
(   8, 44)  coste     8.198    8.198
(   8, 49)  coste     13.008    13.008
(   9, 16)  coste     2.755    2.755
(   9, 20)  coste     6.835    6.835
(   9, 21)  coste     10.624    10.624
(   9, 27)  coste     10.888    10.888
(   9, 32)  coste     5.550    5.550
(   9, 37)  coste     8.556    8.556
(   9, 39)  coste     5.531    5.531
(  10, 17)  coste     4.742    4.742
(  10, 19)  coste     2.424    2.424
(  10, 23)  coste     2.641    2.641
(  10, 37)  coste     3.873    3.873
(  10, 39)  coste     8.396    8.396
(  10, 50)  coste     5.636    5.636
(  11, 31)  coste     10.346    10.346
(  11, 38)  coste     9.737    9.737
(  11, 47)  coste     10.199    10.199
(  12, 47)  coste     7.890    7.890
(  13, 19)  coste     9.120    9.120
(  13, 36)  coste     9.826    9.826
(  13, 40)  coste     5.132    5.132
(  13, 48)  coste     3.124    3.124
(  13, 49)  coste     8.959    8.959
(  14, 15)  coste     10.653    10.653
(  14, 26)  coste     3.027    3.027
(  14, 39)  coste     9.435    9.435
(  15, 30)  coste     11.294    11.294
(  15, 33)  coste     10.222    10.222
(  15, 36)  coste     2.800    2.800
(  15, 41)  coste     7.126    7.126
(  15, 42)  coste     8.972    8.972
(  15, 45)  coste     4.593    4.593
(  16, 27)  coste     9.503    9.503
(  16, 28)  coste     5.494    5.494
(  16, 36)  coste     12.732    12.732
(  16, 42)  coste     8.508    8.508
(  17, 20)  coste     12.670    12.670
(  17, 22)  coste     7.810    7.810
(  17, 38)  coste     11.526    11.526
(  18, 32)  coste     7.664    7.664
(  18, 41)  coste     6.487    6.487
(  18, 45)  coste     3.950    3.950
(  18, 47)  coste     8.407    8.407
(  19, 26)  coste     12.552    12.552
(  19, 43)  coste     5.419    5.419
(  20, 22)  coste     5.632    5.632
(  20, 23)  coste     7.731    7.731
(  22, 24)  coste     9.368    9.368
(  22, 31)  coste     5.097    5.097
(  22, 36)  coste     12.234    12.234
(  22, 50)  coste     4.338    4.338
(  23, 32)  coste     3.666    3.666
(  23, 33)  coste     4.899    4.899
(  23, 38)  coste     6.587    6.587
(  23, 43)  coste     1.278    1.278
(  23, 47)  coste     6.835    6.835
(  23, 48)  coste     8.173    8.173
(  24, 27)  coste     10.451    10.451
(  24, 31)  coste     10.271    10.271
(  24, 37)  coste     6.751    6.751
(  25, 34)  coste     1.683    1.683
(  25, 36)  coste     9.171    9.171
(  25, 38)  coste     6.621    6.621
(  25, 45)  coste     9.792    9.792
(  25, 46)  coste     2.973    2.973
(  25, 47)  coste     4.519    4.519
(  26, 41)  coste     6.554    6.554
(  26, 45)  coste     13.879    13.879
(  27, 42)  coste     3.413    3.413
(  27, 48)  coste     15.549    15.549
(  27, 50)  coste     6.665    6.665
(  28, 34)  coste     3.026    3.026
(  28, 38)  coste     4.870    4.870
(  28, 41)  coste     7.030    7.030
(  28, 50)  coste     3.964    3.964
(  29, 32)  coste     5.227    5.227
(  29, 36)  coste     4.398    4.398
(  29, 41)  coste     4.050    4.050
(  30, 39)  coste     5.166    5.166
(  30, 50)  coste     2.976    2.976
(  31, 39)  coste     10.791    10.791
(  31, 50)  coste     6.485    6.485
(  32, 44)  coste     5.060    5.060
(  32, 45)  coste     9.188    9.188
(  33, 45)  coste     10.421    10.421
(  33, 50)  coste     1.904    1.904
(  34, 45)  coste     9.343    9.343
(  34, 50)  coste     0.938    0.938
(  35, 44)  coste     6.815    6.815
(  36, 43)  coste     6.125    6.125
(  36, 46)  coste     12.144    12.144
(  37, 49)  coste     5.448    5.448
(  38, 49)  coste     6.887    6.887
(  41, 45)  coste     7.325    7.325
(  41, 50)  coste     3.066    3.066
(  44, 49)  coste     4.810    4.810
(  48, 50)  coste     8.884    8.884
