NOMBRE : N100E500R70_05
COMENTARIO : Generated instance
VERTICES : 100
ARISTAS_REQ : 70
ARISTAS_NOREQ : 430
COORDS :
1 2.865 6.794
2 5.295 8.904
3 5.578 5.284
4 8.973 9.388
5 8.900 3.008
6 7.970 3.506
7 7.982 6.226
8 1.944 9.158
9 0.336 4.241
10 2.040 4.807
11 0.252 8.899
12 6.259 2.050
13 2.862 0.028
14 4.827 3.891
15 0.969 1.383
16 3.271 1.477
17 0.316 0.462
18 5.251 0.944
19 1.514 7.925
20 6.184 3.240
21 3.171 0.753
22 5.506 9.102
23 4.748 9.692
24 5.545 3.273
25 6.422 1.988
26 2.331 1.399
27 3.938 5.430
28 5.799 1.740
29 7.640 0.607
30 9.710 2.749
31 5.947 7.541
32 8.419 2.914
33 8.821 1.255
34 9.928 9.683
35 0.330 9.083
36 9.625 1.426
37 8.870 0.880
38 2.518 8.888
39 6.510 6.028
40 6.294 5.301
41 8.263 8.717
42 4.541 1.214
43 6.989 7.334
44 1.082 0.004
45 5.451 6.525
46 9.477 6.448
47 4.928 2.336
48 5.174 4.722
49 9.061 5.944
50 9.529 0.501
51 6.201 9.154
52 1.524 8.478
53 2.347 7.684
54 7.848 7.741
55 4.086 6.676
56 4.062 5.371
57 7.699 1.627
58 9.363 3.601
59 3.560 3.273
60 2.675 3.564
61 1.849 6.602
62 0.442 6.804
63 8.893 7.185
64 3.068 2.662
65 9.991 8.081
66 6.104 4.360
67 1.021 4.571
68 3.024 6.360
69 7.183 8.267
70 9.694 7.611
71 2.748 2.840
72 6.963 0.289
73 0.429 2.860
74 4.700 4.229
75 4.076 7.659
76 7.766 5.746
77 1.346 1.491
78 1.061 3.315
79 8.864 4.582
80 1.545 5.841
81 6.044 8.423
82 3.450 7.674
83 4.778 0.241
84 0.681 7.022
85 4.154 8.141
86 3.380 9.825
87 8.645 5.097
88 8.822 6.512
89 3.322 8.747
90 2.119 9.177
91 5.386 2.665
92 2.107 5.251
93 3.223 4.491
94 9.866 4.854
95 0.121 3.637
96 1.461 2.146
97 7.045 2.830
98 7.871 4.938
99 8.000 9.752
100 0.492 5.821
LISTA_ARISTAS_REQ :
(   1, 69)  coste     5.791    5.791
(   1, 81)  coste     4.808    4.808
(   4, 72)  coste     11.109    11.109
(   4, 97)  coste     8.486    8.486
(   5, 31)  coste     7.486    7.486
(   6, 68)  coste     7.800    7.800
(   9, 35)  coste     4.848    4.848
(   9, 50)  coste     12.933    12.933
(  10, 99)  coste     10.905    10.905
(  11, 52)  coste     1.693    1.693
(  12, 57)  coste     1.863    1.863
(  13, 50)  coste     7.140    7.140
(  13, 54)  coste     12.699    12.699
(  14, 43)  coste     5.605    5.605
(  14, 96)  coste     5.111    5.111
(  15, 31)  coste     11.136    11.136
(  15, 59)  coste     4.481    4.481
(  15, 94)  coste     12.368    12.368
(  17, 31)  coste     12.710    12.710
(  17, 76)  coste     12.734    12.734
(  18, 71)  coste     4.399    4.399
(  19, 59)  coste     6.698    6.698
(  19, 69)  coste     6.011    6.011
(  19, 79)  coste     10.693    10.693
(  21, 49)  coste     11.081    11.081
(  21, 66)  coste     6.540    6.540
(  22, 29)  coste     10.629    10.629
(  22, 57)  coste     9.668    9.668
(  22, 68)  coste     5.224    5.224
(  23, 85)  coste     2.145    2.145
(  24, 96)  coste     5.211    5.211
(  25, 49)  coste     6.595    6.595
(  25, 99)  coste     9.342    9.342
(  26, 28)  coste     3.809    3.809
(  26, 86)  coste     9.475    9.475
(  27, 76)  coste     4.144    4.144
(  28, 63)  coste     8.539    8.539
(  31, 57)  coste     7.666    7.666
(  33, 39)  coste     7.084    7.084
(  33, 96)  coste     8.251    8.251
(  35, 86)  coste     3.792    3.792
(  36, 40)  coste     7.206    7.206
(  38, 44)  coste     10.320    10.320
(  38, 52)  coste     1.404    1.404
(  38, 74)  coste     6.841    6.841
(  41, 55)  coste     6.218    6.218
(  42, 58)  coste     7.209    7.209
(  42, 83)  coste     1.210    1.210
(  45, 52)  coste     5.880    5.880
(  48, 73)  coste     6.607    6.607
(  48, 79)  coste     3.830    3.830
(  49, 66)  coste     4.541    4.541
(  50, 70)  coste     7.275    7.275
(  52, 62)  coste     2.756    2.756
(  53, 64)  coste     5.743    5.743
(  54, 67)  coste     9.997    9.997
(  58, 96)  coste     9.357    9.357
(  62, 77)  coste     6.217    6.217
(  68, 84)  coste     3.005    3.005
(  68, 85)  coste     2.911    2.911
(  69, 85)  coste     3.155    3.155
(  70, 83)  coste     12.286    12.286
(  70, 88)  coste     1.971    1.971
(  71, 88)  coste     9.746    9.746
(  82, 98)  coste     7.157    7.157
(  84, 94)  coste     11.353    11.353
(  85, 97)  coste     8.202    8.202
(  86, 96)  coste     9.598    9.598
(  87, 97)  coste     3.867    3.867
(  88, 93)  coste     7.620    7.620
LISTA_ARISTAS_NOREQ :
(   1,  2)  coste     4.540    4.540
(   1,  3)  coste     4.223    4.223
(   1, 14)  coste     4.865    4.865
(   1, 22)  coste     4.949    4.949
(   1, 48)  coste     4.381    4.381
(   1, 64)  coste     4.335    4.335
(   1, 79)  coste     8.211    8.211
(   1, 84)  coste     2.412    2.412
(   1, 85)  coste     2.636    2.636
(   1, 99)  coste     8.093    8.093
(   2, 20)  coste     6.553    6.553
(   2, 24)  coste     5.881    5.881
(   2, 33)  coste     11.175    11.175
(   2, 55)  coste     3.437    3.437
(   2, 62)  coste     6.953    6.953
(   2, 69)  coste     2.525    2.525
(   2, 73)  coste     10.910    10.910
(   2, 90)  coste     3.449    3.449
(   2, 95)  coste     10.441    10.441
(   2, 96)  coste     10.592    10.592
(   3, 19)  coste     6.705    6.705
(   3, 36)  coste     7.905    7.905
(   3, 38)  coste     6.664    6.664
(   3, 41)  coste     6.118    6.118
(   3, 57)  coste     5.778    5.778
(   3, 79)  coste     3.988    3.988
(   4,  7)  coste     4.153    4.153
(   4, 13)  coste     15.471    15.471
(   4, 24)  coste     9.543    9.543
(   4, 34)  coste     1.250    1.250
(   4, 41)  coste     1.381    1.381
(   4, 45)  coste     6.385    6.385
(   5,  7)  coste     4.136    4.136
(   5, 10)  coste     8.659    8.659
(   5, 23)  coste     10.836    10.836
(   5, 34)  coste     7.703    7.703
(   5, 65)  coste     6.164    6.164
(   5, 72)  coste     4.656    4.656
(   6, 17)  coste     10.698    10.698
(   6, 25)  coste     3.066    3.066
(   6, 48)  coste     4.012    4.012
(   6, 50)  coste     4.564    4.564
(   6, 57)  coste     2.150    2.150
(   6, 74)  coste     3.993    3.993
(   6, 78)  coste     7.100    7.100
(   6, 85)  coste     8.451    8.451
(   6, 92)  coste     7.608    7.608
(   7, 12)  coste     5.899    5.899
(   7, 15)  coste     11.856    11.856
(   7, 27)  coste     4.840    4.840
(   7, 41)  coste     2.772    2.772
(   7, 52)  coste     8.710    8.710
(   7, 55)  coste     4.346    4.346
(   7, 56)  coste     4.775    4.775
(   7, 59)  coste     7.375    7.375
(   7, 68)  coste     5.092    5.092
(   7, 71)  coste     8.620    8.620
(   7, 77)  coste     11.371    11.371
(   8, 20)  coste     10.158    10.158
(   8, 32)  coste     12.719    12.719
(   8, 34)  coste     8.509    8.509
(   8, 45)  coste     6.140    6.140
(   8, 62)  coste     3.856    3.856
(   9, 40)  coste     7.018    7.018
(   9, 83)  coste     8.442    8.442
(   9, 89)  coste     7.492    7.492
(  10, 46)  coste     9.078    9.078
(  10, 64)  coste     3.173    3.173
(  10, 91)  coste     5.488    5.488
(  10, 92)  coste     0.511    0.511
(  10, 95)  coste     3.089    3.089
(  11, 17)  coste     8.501    8.501
(  11, 18)  coste     12.954    12.954
(  11, 31)  coste     7.053    7.053
(  11, 38)  coste     2.277    2.277
(  11, 85)  coste     4.660    4.660
(  12, 25)  coste     0.225    0.225
(  12, 38)  coste     10.579    10.579
(  12, 76)  coste     5.203    5.203
(  12, 91)  coste     1.488    1.488
(  13, 21)  coste     1.034    1.034
(  13, 44)  coste     1.804    1.804
(  13, 56)  coste     6.543    6.543
(  13, 66)  coste     7.574    7.574
(  13, 74)  coste     6.039    6.039
(  13, 75)  coste     8.845    8.845
(  14, 28)  coste     3.123    3.123
(  14, 31)  coste     4.770    4.770
(  14, 36)  coste     7.263    7.263
(  14, 68)  coste     4.272    4.272
(  14, 69)  coste     6.732    6.732
(  14, 83)  coste     3.699    3.699
(  14, 90)  coste     7.994    7.994
(  14, 94)  coste     6.002    6.002
(  15, 35)  coste     8.339    8.339
(  15, 45)  coste     9.624    9.624
(  15, 48)  coste     7.544    7.544
(  15, 51)  coste     13.003    13.003
(  15, 74)  coste     6.577    6.577
(  16, 43)  coste     9.575    9.575
(  16, 83)  coste     2.743    2.743
(  16, 86)  coste     8.457    8.457
(  16, 88)  coste     10.586    10.586
(  16, 91)  coste     3.303    3.303
(  16, 94)  coste     9.972    9.972
(  17, 22)  coste     13.830    13.830
(  17, 27)  coste     8.590    8.590
(  17, 50)  coste     9.252    9.252
(  17, 65)  coste     17.294    17.294
(  17, 87)  coste     12.964    12.964
(  17, 95)  coste     3.370    3.370
(  17, 97)  coste     9.097    9.097
(  18, 24)  coste     2.623    2.623
(  18, 34)  coste     13.416    13.416
(  18, 35)  coste     13.060    13.060
(  18, 47)  coste     1.715    1.715
(  18, 65)  coste     11.877    11.877
(  18, 66)  coste     4.269    4.269
(  18, 81)  coste     8.272    8.272
(  18, 86)  coste     10.752    10.752
(  18, 95)  coste     7.823    7.823
(  19, 33)  coste     13.977    13.977
(  19, 47)  coste     9.003    9.003
(  19, 74)  coste     6.882    6.882
(  19, 92)  coste     3.267    3.267
(  19, 97)  coste     10.626    10.626
(  20, 24)  coste     0.672    0.672
(  20, 38)  coste     9.314    9.314
(  20, 46)  coste     6.501    6.501
(  20, 52)  coste     9.898    9.898
(  20, 54)  coste     6.165    6.165
(  20, 58)  coste     3.540    3.540
(  20, 61)  coste     7.697    7.697
(  20, 78)  coste     5.198    5.198
(  20, 83)  coste     4.405    4.405
(  21, 27)  coste     5.444    5.444
(  21, 63)  coste     12.154    12.154
(  21, 68)  coste     5.754    5.754
(  21, 70)  coste     13.381    13.381
(  21, 71)  coste     2.510    2.510
(  21, 75)  coste     7.811    7.811
(  21, 95)  coste     5.934    5.934
(  21, 100)  coste     7.747    7.747
(  22, 36)  coste     11.795    11.795
(  22, 41)  coste     3.142    3.142
(  22, 58)  coste     9.358    9.358
(  22, 62)  coste     7.362    7.362
(  22, 64)  coste     8.878    8.878
(  22, 71)  coste     9.020    9.020
(  22, 73)  coste     11.319    11.319
(  22, 78)  coste     10.232    10.232
(  22, 93)  coste     6.894    6.894
(  22, 99)  coste     3.144    3.144
(  23, 25)  coste     9.378    9.378
(  23, 26)  coste     10.710    10.710
(  23, 35)  coste     5.027    5.027
(  23, 44)  coste     13.354    13.354
(  23, 49)  coste     8.061    8.061
(  23, 76)  coste     6.964    6.964
(  23, 78)  coste     10.064    10.064
(  24, 36)  coste     5.927    5.927
(  24, 68)  coste     5.608    5.608
(  24, 76)  coste     4.694    4.694
(  24, 93)  coste     3.540    3.540
(  24, 97)  coste     1.943    1.943
(  25, 31)  coste     6.028    6.028
(  25, 33)  coste     3.132    3.132
(  25, 39)  coste     4.128    4.128
(  25, 40)  coste     3.441    3.441
(  25, 66)  coste     2.690    2.690
(  25, 73)  coste     6.865    6.865
(  26, 27)  coste     5.638    5.638
(  26, 46)  coste     12.195    12.195
(  26, 48)  coste     6.166    6.166
(  26, 52)  coste     7.886    7.886
(  26, 83)  coste     3.605    3.605
(  26, 97)  coste     6.145    6.145
(  27, 35)  coste     7.261    7.261
(  27, 36)  coste     9.691    9.691
(  27, 48)  coste     1.944    1.944
(  27, 50)  coste     10.520    10.520
(  27, 53)  coste     3.845    3.845
(  27, 75)  coste     2.367    2.367
(  27, 81)  coste     5.099    5.099
(  27, 86)  coste     4.953    4.953
(  28, 55)  coste     6.649    6.649
(  28, 58)  coste     5.425    5.425
(  28, 67)  coste     7.609    7.609
(  28, 69)  coste     7.911    7.911
(  28, 82)  coste     8.283    8.283
(  28, 100)  coste     9.388    9.388
(  29, 37)  coste     1.503    1.503
(  29, 39)  coste     6.551    6.551
(  29, 40)  coste     6.040    6.040
(  29, 41)  coste     8.733    8.733
(  29, 50)  coste     1.995    1.995
(  29, 59)  coste     6.746    6.746
(  29, 73)  coste     9.464    9.464
(  29, 96)  coste     7.718    7.718
(  29, 100)  coste     12.362    12.362
(  30, 65)  coste     5.613    5.613
(  30, 82)  coste     11.185    11.185
(  30, 88)  coste     4.651    4.651
(  31, 37)  coste     9.584    9.584
(  31, 39)  coste     2.076    2.076
(  31, 42)  coste     7.733    7.733
(  31, 46)  coste     4.623    4.623
(  31, 47)  coste     6.224    6.224
(  31, 49)  coste     4.711    4.711
(  31, 80)  coste     6.102    6.102
(  31, 82)  coste     2.630    2.630
(  32, 46)  coste     4.592    4.592
(  32, 47)  coste     4.069    4.069
(  32, 54)  coste     5.398    5.398
(  32, 57)  coste     2.007    2.007
(  32, 67)  coste     9.055    9.055
(  32, 81)  coste     7.884    7.884
(  32, 97)  coste     1.458    1.458
(  33, 34)  coste     9.535    9.535
(  33, 40)  coste     6.573    6.573
(  33, 49)  coste     4.929    4.929
(  33, 67)  coste     11.116    11.116
(  33, 84)  coste     13.907    13.907
(  33, 88)  coste     5.258    5.258
(  33, 95)  coste     11.082    11.082
(  33, 100)  coste     12.895    12.895
(  34, 43)  coste     5.288    5.288
(  34, 46)  coste     3.686    3.686
(  34, 57)  coste     10.285    10.285
(  35, 45)  coste     7.679    7.679
(  35, 67)  coste     5.203    5.203
(  35, 69)  coste     7.669    7.669
(  36, 39)  coste     7.717    7.717
(  36, 43)  coste     8.544    8.544
(  36, 55)  coste     10.789    10.789
(  36, 60)  coste     9.088    9.088
(  36, 95)  coste     11.715    11.715
(  36, 96)  coste     8.884    8.884
(  37, 46)  coste     6.175    6.175
(  37, 72)  coste     2.498    2.498
(  37, 89)  coste     13.415    13.415
(  37, 94)  coste     4.970    4.970
(  38, 55)  coste     3.780    3.780
(  38, 60)  coste     5.481    5.481
(  38, 62)  coste     4.160    4.160
(  38, 80)  coste     4.020    4.020
(  38, 92)  coste     4.048    4.048
(  38, 95)  coste     7.648    7.648
(  38, 98)  coste     9.303    9.303
(  39, 43)  coste     1.785    1.785
(  39, 65)  coste     5.534    5.534
(  39, 76)  coste     1.538    1.538
(  39, 79)  coste     3.800    3.800
(  39, 96)  coste     8.931    8.931
(  40, 42)  coste     5.840    5.840
(  40, 62)  coste     7.355    7.355
(  40, 63)  coste     4.483    4.483
(  40, 76)  coste     1.917    1.917
(  40, 85)  coste     4.980    4.980
(  40, 87)  coste     2.555    2.555
(  40, 92)  coste     4.237    4.237
(  41, 48)  coste     7.084    7.084
(  41, 57)  coste     7.654    7.654
(  41, 64)  coste     11.250    11.250
(  41, 71)  coste     11.392    11.392
(  41, 73)  coste     13.691    13.691
(  41, 82)  coste     5.856    5.856
(  41, 84)  coste     9.277    9.277
(  41, 95)  coste     13.222    13.222
(  41, 97)  coste     7.105    7.105
(  41, 100)  coste     10.667    10.667
(  42, 49)  coste     9.250    9.250
(  42, 57)  coste     3.571    3.571
(  43, 49)  coste     3.462    3.462
(  43, 72)  coste     7.071    7.071
(  43, 83)  coste     9.304    9.304
(  44, 57)  coste     8.240    8.240
(  44, 66)  coste     9.378    9.378
(  44, 79)  coste     12.360    12.360
(  44, 96)  coste     2.521    2.521
(  45, 49)  coste     4.191    4.191
(  45, 50)  coste     10.102    10.102
(  45, 53)  coste     4.263    4.263
(  45, 56)  coste     2.543    2.543
(  45, 61)  coste     3.679    3.679
(  45, 67)  coste     6.384    6.384
(  45, 89)  coste     4.351    4.351
(  46, 52)  coste     9.983    9.983
(  46, 65)  coste     2.147    2.147
(  46, 70)  coste     1.380    1.380
(  46, 97)  coste     6.050    6.050
(  47, 54)  coste     8.325    8.325
(  47, 62)  coste     8.954    8.954
(  47, 69)  coste     8.186    8.186
(  47, 82)  coste     6.816    6.816
(  47, 99)  coste     10.488    10.488
(  48, 58)  coste     5.310    5.310
(  48, 67)  coste     4.304    4.304
(  48, 85)  coste     4.439    4.439
(  48, 96)  coste     6.289    6.289
(  48, 97)  coste     3.763    3.763
(  49, 58)  coste     2.645    2.645
(  49, 71)  coste     9.417    9.417
(  49, 72)  coste     7.753    7.753
(  49, 75)  coste     6.700    6.700
(  49, 92)  coste     7.647    7.647
(  50, 52)  coste     15.982    15.982
(  50, 71)  coste     9.120    9.120
(  50, 75)  coste     12.611    12.611
(  50, 76)  coste     7.008    7.008
(  50, 77)  coste     9.173    9.173
(  50, 88)  coste     6.718    6.718
(  50, 93)  coste     10.296    10.296
(  50, 96)  coste     9.713    9.713
(  50, 100)  coste     14.357    14.357
(  51, 56)  coste     5.922    5.922
(  51, 75)  coste     3.620    3.620
(  51, 86)  coste     3.492    3.492
(  51, 87)  coste     6.501    6.501
(  51, 95)  coste     11.597    11.597
(  52, 57)  coste     13.026    13.026
(  52, 60)  coste     6.065    6.065
(  52, 64)  coste     7.360    7.360
(  52, 69)  coste     5.870    5.870
(  52, 79)  coste     11.236    11.236
(  52, 81)  coste     4.575    4.575
(  53, 62)  coste     2.785    2.785
(  53, 86)  coste     3.174    3.174
(  53, 88)  coste     7.647    7.647
(  53, 100)  coste     3.718    3.718
(  54, 60)  coste     9.350    9.350
(  54, 75)  coste     3.854    3.854
(  54, 77)  coste     12.752    12.752
(  55, 59)  coste     3.929    3.929
(  55, 71)  coste     5.174    5.174
(  56, 63)  coste     6.645    6.645
(  56, 64)  coste     3.703    3.703
(  56, 70)  coste     7.872    7.872
(  56, 74)  coste     1.780    1.780
(  56, 79)  coste     5.591    5.591
(  56, 80)  coste     2.987    2.987
(  56, 84)  coste     5.032    5.032
(  56, 94)  coste     6.321    6.321
(  57, 60)  coste     6.961    6.961
(  57, 87)  coste     4.416    4.416
(  57, 90)  coste     13.130    13.130
(  57, 93)  coste     7.340    7.340
(  57, 100)  coste     11.401    11.401
(  58, 71)  coste     7.376    7.376
(  58, 72)  coste     5.712    5.712
(  58, 87)  coste     2.214    2.214
(  58, 95)  coste     9.278    9.278
(  59, 66)  coste     3.631    3.631
(  59, 67)  coste     3.837    3.837
(  59, 76)  coste     6.679    6.679
(  59, 78)  coste     2.541    2.541
(  59, 81)  coste     7.634    7.634
(  60, 62)  coste     5.473    5.473
(  60, 67)  coste     2.661    2.661
(  60, 80)  coste     3.407    3.407
(  60, 89)  coste     5.830    5.830
(  60, 92)  coste     2.255    2.255
(  61, 73)  coste     5.162    5.162
(  61, 77)  coste     5.614    5.614
(  61, 81)  coste     6.016    6.016
(  61, 100)  coste     2.138    2.138
(  63, 83)  coste     11.059    11.059
(  63, 97)  coste     6.203    6.203
(  64, 74)  coste     3.199    3.199
(  64, 80)  coste     4.702    4.702
(  64, 86)  coste     7.475    7.475
(  65, 76)  coste     4.560    4.560
(  66, 79)  coste     2.982    2.982
(  66, 84)  coste     8.085    8.085
(  66, 91)  coste     2.413    2.413
(  66, 93)  coste     3.012    3.012
(  66, 95)  coste     6.706    6.706
(  67, 68)  coste     3.792    3.792
(  67, 70)  coste     11.713    11.713
(  67, 94)  coste     9.128    9.128
(  67, 100)  coste     1.779    1.779
(  68, 82)  coste     1.740    1.740
(  68, 96)  coste     5.777    5.777
(  69, 71)  coste     9.862    9.862
(  69, 80)  coste     8.064    8.064
(  70, 86)  coste     8.528    8.528
(  71, 72)  coste     6.766    6.766
(  71, 92)  coste     3.052    3.052
(  72, 83)  coste     2.233    2.233
(  72, 100)  coste     12.003    12.003
(  73, 74)  coste     5.640    5.640
(  73, 100)  coste     3.024    3.024
(  74, 82)  coste     4.695    4.695
(  74, 87)  coste     4.813    4.813
(  74, 98)  coste     3.880    3.880
(  76, 89)  coste     7.445    7.445
(  76, 92)  coste     6.154    6.154
(  76, 96)  coste     9.905    9.905
(  77, 81)  coste     11.630    11.630
(  77, 83)  coste     4.682    4.682
(  77, 85)  coste     9.458    9.458
(  77, 88)  coste     12.497    12.497
(  77, 99)  coste     14.915    14.915
(  78, 83)  coste     6.791    6.791
(  78, 92)  coste     2.982    2.982
(  78, 96)  coste     1.569    1.569
(  78, 97)  coste     6.469    6.469
(  78, 99)  coste     13.376    13.376
(  79, 83)  coste     8.427    8.427
(  79, 86)  coste     10.727    10.727
(  79, 100)  coste     9.611    9.611
(  81, 85)  coste     2.172    2.172
(  81, 88)  coste     4.689    4.689
(  81, 95)  coste     10.709    10.709
(  82, 100)  coste     4.811    4.811
(  83, 93)  coste     5.805    5.805
(  84, 92)  coste     3.197    3.197
(  85, 88)  coste     6.297    6.297
(  85, 90)  coste     3.071    3.071
(  86, 87)  coste     9.993    9.993
(  86, 88)  coste     8.755    8.755
(  87, 90)  coste     10.606    10.606
(  87, 92)  coste     6.692    6.692
(  88, 89)  coste     7.735    7.735
(  90, 93)  coste     5.790    5.790
(  90, 96)  coste     7.689    7.689
(  91, 93)  coste     3.989    3.989
(  92, 98)  coste     6.077    6.077
(  94, 99)  coste     6.764    6.764
(  97, 100)  coste     9.544    9.544
