NOMBRE : N100E500R70_02
COMENTARIO : Generated instance
VERTICES : 100
ARISTAS_REQ : 70
ARISTAS_NOREQ : 430
COORDS :
1 6.367 5.608
2 6.055 7.838
3 7.391 7.113
4 4.205 2.815
5 0.889 1.201
6 6.967 3.225
7 9.071 3.031
8 0.163 9.718
9 8.569 6.915
10 6.208 1.169
11 5.856 6.480
12 8.472 2.761
13 2.001 0.053
14 1.088 0.356
15 0.092 6.533
16 5.419 9.361
17 7.256 4.437
18 9.762 7.955
19 6.979 6.017
20 7.629 3.739
21 4.928 4.549
22 2.237 3.441
23 4.948 3.135
24 8.509 8.369
25 6.326 4.079
26 1.452 9.585
27 8.801 7.959
28 3.315 1.287
29 1.143 6.521
30 1.784 7.656
31 5.448 7.956
32 9.953 8.903
33 0.334 3.699
34 3.045 3.629
35 9.263 1.515
36 4.997 8.294
37 8.267 1.672
38 5.128 2.273
39 8.815 4.119
40 9.773 6.420
41 2.421 5.906
42 7.422 5.066
43 5.582 5.426
44 4.797 1.527
45 8.776 0.731
46 3.653 2.831
47 9.668 2.096
48 7.156 9.090
49 1.506 1.950
50 1.235 5.093
51 6.185 2.612
52 8.868 3.868
53 4.077 7.154
54 0.467 8.432
55 0.893 5.387
56 2.847 8.891
57 3.885 8.012
58 9.661 5.373
59 7.929 2.917
60 3.084 0.115
61 3.479 4.531
62 3.149 6.031
63 7.136 1.305
64 1.085 4.423
65 5.366 8.380
66 1.621 3.365
67 8.075 9.472
68 7.820 6.778
69 3.624 7.788
70 6.980 8.218
71 4.578 5.482
72 2.708 4.959
73 4.103 9.970
74 1.436 8.011
75 2.384 6.630
76 9.677 0.991
77 5.633 1.763
78 1.181 2.108
79 2.437 7.271
80 2.590 9.586
81 8.434 5.692
82 5.758 4.635
83 7.153 8.303
84 6.500 0.740
85 6.263 9.597
86 0.147 2.675
87 9.816 4.505
88 3.055 9.271
89 5.975 0.614
90 2.620 1.946
91 4.571 0.668
92 0.868 4.578
93 4.727 6.113
94 9.869 9.957
95 5.140 3.024
96 0.624 7.288
97 2.494 2.467
98 0.005 0.261
99 7.900 0.457
100 3.535 5.933
LISTA_ARISTAS_REQ :
(   2,  9)  coste     3.437    3.437
(   2, 49)  coste     10.437    10.437
(   3, 38)  coste     7.103    7.103
(   5, 99)  coste     7.755    7.755
(   6, 48)  coste     6.054    6.054
(   6, 51)  coste     1.395    1.395
(   6, 54)  coste     11.707    11.707
(   7,  9)  coste     4.386    4.386
(   7, 26)  coste     14.173    14.173
(   7, 29)  coste     11.418    11.418
(   7, 40)  coste     4.091    4.091
(   7, 55)  coste     10.534    10.534
(   7, 68)  coste     4.998    4.998
(   9, 47)  coste     5.918    5.918
(  10, 38)  coste     2.184    2.184
(  11, 93)  coste     1.496    1.496
(  12, 48)  coste     7.645    7.645
(  12, 67)  coste     7.108    7.108
(  14, 42)  coste     11.044    11.044
(  15, 41)  coste     2.956    2.956
(  17, 32)  coste     7.163    7.163
(  17, 40)  coste     4.500    4.500
(  17, 79)  coste     7.653    7.653
(  18, 78)  coste     14.428    14.428
(  22, 60)  coste     4.173    4.173
(  24, 68)  coste     2.280    2.280
(  25, 34)  coste     3.731    3.731
(  25, 45)  coste     5.798    5.798
(  26, 40)  coste     11.486    11.486
(  26, 82)  coste     9.256    9.256
(  27, 45)  coste     7.253    7.253
(  27, 83)  coste     1.992    1.992
(  29, 45)  coste     13.423    13.423
(  29, 99)  coste     12.821    12.821
(  30, 53)  coste     2.795    2.795
(  30, 72)  coste     3.621    3.621
(  31, 44)  coste     7.080    7.080
(  32, 99)  coste     10.499    10.499
(  37, 91)  coste     4.700    4.700
(  38, 64)  coste     6.193    6.193
(  40, 80)  coste     10.349    10.349
(  40, 83)  coste     4.503    4.503
(  41, 74)  coste     3.090    3.090
(  41, 96)  coste     3.179    3.179
(  42, 92)  coste     7.042    7.042
(  44, 81)  coste     7.802    7.802
(  45, 99)  coste     1.150    1.150
(  45, 100)  coste     10.443    10.443
(  46, 92)  coste     4.532    4.532
(  48, 89)  coste     9.657    9.657
(  49, 93)  coste     7.384    7.384
(  50, 82)  coste     4.981    4.981
(  52, 73)  coste     10.867    10.867
(  52, 87)  coste     1.585    1.585
(  54, 89)  coste     13.326    13.326
(  55, 89)  coste     9.855    9.855
(  57, 70)  coste     3.301    3.301
(  58, 64)  coste     9.526    9.526
(  59, 96)  coste     11.676    11.676
(  60, 75)  coste     7.215    7.215
(  61, 74)  coste     5.523    5.523
(  64, 99)  coste     10.781    10.781
(  65, 77)  coste     6.884    6.884
(  77, 79)  coste     8.704    8.704
(  77, 87)  coste     6.925    6.925
(  78, 95)  coste     4.875    4.875
(  80, 83)  coste     5.846    5.846
(  83, 90)  coste     10.890    10.890
(  85, 89)  coste     9.271    9.271
(  88, 100)  coste     3.818    3.818
LISTA_ARISTAS_NOREQ :
(   1, 16)  coste     4.701    4.701
(   1, 40)  coste     4.218    4.218
(   1, 50)  coste     5.647    5.647
(   1, 57)  coste     4.886    4.886
(   1, 62)  coste     3.641    3.641
(   1, 97)  coste     7.014    7.014
(   2, 12)  coste     7.494    7.494
(   2, 39)  coste     6.479    6.479
(   2, 41)  coste     5.566    5.566
(   2, 45)  coste     9.828    9.828
(   2, 52)  coste     6.783    6.783
(   2, 83)  coste     1.563    1.563
(   2, 96)  coste     5.981    5.981
(   2, 98)  coste     13.627    13.627
(   3,  8)  coste     9.833    9.833
(   3, 12)  coste     5.433    5.433
(   3, 20)  coste     3.612    3.612
(   3, 28)  coste     9.902    9.902
(   3, 46)  coste     8.020    8.020
(   3, 48)  coste     2.212    2.212
(   3, 55)  coste     8.224    8.224
(   3, 66)  coste     9.518    9.518
(   3, 72)  coste     6.837    6.837
(   4,  5)  coste     4.930    4.930
(   4, 16)  coste     7.760    7.760
(   4, 19)  coste     5.976    5.976
(   4, 26)  coste     9.523    9.523
(   4, 32)  coste     11.836    11.836
(   5, 21)  coste     7.387    7.387
(   5, 26)  coste     8.947    8.947
(   5, 27)  coste     14.670    14.670
(   5, 54)  coste     7.653    7.653
(   5, 59)  coste     8.756    8.756
(   5, 61)  coste     5.920    5.920
(   5, 80)  coste     10.086    10.086
(   5, 86)  coste     2.216    2.216
(   5, 91)  coste     4.215    4.215
(   5, 98)  coste     1.824    1.824
(   6,  7)  coste     2.298    2.298
(   6, 16)  coste     7.684    7.684
(   6, 30)  coste     9.614    9.614
(   6, 31)  coste     6.250    6.250
(   6, 34)  coste     4.326    4.326
(   6, 42)  coste     2.296    2.296
(   6, 58)  coste     4.842    4.842
(   6, 81)  coste     3.934    3.934
(   6, 93)  coste     5.128    5.128
(   6, 99)  coste     3.701    3.701
(   7, 31)  coste     8.548    8.548
(   7, 33)  coste     9.405    9.405
(   7, 39)  coste     1.344    1.344
(   7, 48)  coste     7.974    7.974
(   7, 51)  coste     3.305    3.305
(   7, 95)  coste     3.938    3.938
(   7, 96)  coste     12.704    12.704
(   8, 52)  coste     14.555    14.555
(   8, 54)  coste     1.590    1.590
(   8, 69)  coste     5.391    5.391
(   8, 80)  coste     2.559    2.559
(   8, 100)  coste     7.157    7.157
(   9, 13)  coste     13.430    13.430
(   9, 40)  coste     1.699    1.699
(   9, 42)  coste     2.996    2.996
(   9, 50)  coste     9.156    9.156
(   9, 51)  coste     6.687    6.687
(   9, 89)  coste     8.895    8.895
(   9, 99)  coste     7.127    7.127
(  10, 21)  coste     4.660    4.660
(  10, 34)  coste     5.623    5.623
(  10, 36)  coste     8.336    8.336
(  10, 46)  coste     4.217    4.217
(  10, 53)  coste     8.116    8.116
(  10, 70)  coste     7.821    7.821
(  10, 85)  coste     8.483    8.483
(  10, 91)  coste     2.138    2.138
(  11, 47)  coste     8.196    8.196
(  11, 55)  coste     6.056    6.056
(  11, 60)  coste     9.137    9.137
(  11, 65)  coste     2.390    2.390
(  11, 66)  coste     7.350    7.350
(  11, 67)  coste     5.211    5.211
(  11, 70)  coste     2.862    2.862
(  11, 74)  coste     5.951    5.951
(  11, 77)  coste     4.940    4.940
(  11, 91)  coste     7.097    7.097
(  11, 94)  coste     7.490    7.490
(  11, 96)  coste     6.040    6.040
(  11, 97)  coste     7.375    7.375
(  12, 35)  coste     2.037    2.037
(  12, 72)  coste     7.962    7.962
(  12, 73)  coste     11.578    11.578
(  12, 99)  coste     2.876    2.876
(  12, 100)  coste     8.109    8.109
(  13, 18)  coste     15.663    15.663
(  13, 38)  coste     5.347    5.347
(  13, 43)  coste     8.954    8.954
(  13, 54)  coste     9.913    9.913
(  13, 55)  coste     6.442    6.442
(  13, 68)  coste     12.544    12.544
(  13, 83)  coste     13.402    13.402
(  13, 93)  coste     8.786    8.786
(  14, 17)  coste     10.249    10.249
(  14, 24)  coste     15.434    15.434
(  14, 60)  coste     2.237    2.237
(  14, 64)  coste     4.070    4.070
(  14, 69)  coste     9.968    9.968
(  14, 75)  coste     7.570    7.570
(  14, 83)  coste     14.012    14.012
(  15, 39)  coste     11.137    11.137
(  15, 45)  coste     14.486    14.486
(  15, 48)  coste     9.621    9.621
(  15, 76)  coste     15.127    15.127
(  15, 84)  coste     12.201    12.201
(  15, 87)  coste     11.752    11.752
(  15, 89)  coste     11.802    11.802
(  15, 92)  coste     2.731    2.731
(  15, 97)  coste     6.468    6.468
(  16, 24)  coste     4.082    4.082
(  16, 29)  coste     7.116    7.116
(  16, 30)  coste     5.340    5.340
(  16, 81)  coste     6.684    6.684
(  16, 87)  coste     9.253    9.253
(  16, 91)  coste     9.541    9.541
(  17, 56)  coste     8.863    8.863
(  17, 61)  coste     3.871    3.871
(  17, 70)  coste     4.057    4.057
(  17, 71)  coste     3.723    3.723
(  17, 72)  coste     5.070    5.070
(  17, 84)  coste     4.453    4.453
(  17, 88)  coste     9.035    9.035
(  18, 24)  coste     1.667    1.667
(  18, 29)  coste     10.053    10.053
(  18, 51)  coste     8.920    8.920
(  18, 55)  coste     11.437    11.437
(  18, 57)  coste     5.934    5.934
(  18, 94)  coste     2.109    2.109
(  19, 43)  coste     1.988    1.988
(  19, 44)  coste     6.672    6.672
(  19, 51)  coste     4.199    4.199
(  19, 56)  coste     7.006    7.006
(  19, 71)  coste     2.936    2.936
(  19, 72)  coste     5.329    5.329
(  19, 89)  coste     6.407    6.407
(  20, 35)  coste     3.858    3.858
(  20, 41)  coste     7.375    7.375
(  20, 43)  coste     3.734    3.734
(  20, 79)  coste     8.724    8.724
(  20, 92)  coste     7.600    7.600
(  21, 30)  coste     6.251    6.251
(  21, 45)  coste     7.666    7.666
(  21, 46)  coste     2.993    2.993
(  21, 56)  coste     6.423    6.423
(  21, 80)  coste     7.375    7.375
(  22, 33)  coste     2.161    2.161
(  22, 41)  coste     2.649    2.649
(  22, 51)  coste     4.777    4.777
(  22, 52)  coste     7.058    7.058
(  22, 59)  coste     6.216    6.216
(  22, 77)  coste     5.074    5.074
(  22, 97)  coste     1.231    1.231
(  23, 25)  coste     2.322    2.322
(  23, 30)  coste     7.685    7.685
(  23, 37)  coste     4.782    4.782
(  23, 38)  coste     1.042    1.042
(  23, 39)  coste     4.851    4.851
(  23, 42)  coste     4.405    4.405
(  23, 47)  coste     5.759    5.759
(  23, 51)  coste     1.760    1.760
(  23, 60)  coste     4.884    4.884
(  23, 61)  coste     2.865    2.865
(  23, 62)  coste     4.695    4.695
(  23, 65)  coste     5.663    5.663
(  23, 69)  coste     5.977    5.977
(  23, 74)  coste     8.388    8.388
(  23, 94)  coste     11.743    11.743
(  24, 32)  coste     1.978    1.978
(  24, 36)  coste     3.587    3.587
(  24, 56)  coste     6.184    6.184
(  24, 60)  coste     13.679    13.679
(  24, 65)  coste     3.154    3.154
(  24, 75)  coste     7.864    7.864
(  24, 95)  coste     8.714    8.714
(  25, 27)  coste     6.355    6.355
(  25, 38)  coste     3.004    3.004
(  25, 54)  coste     10.212    10.212
(  25, 62)  coste     5.129    5.129
(  25, 67)  coste     7.142    7.142
(  25, 78)  coste     7.116    7.116
(  25, 87)  coste     3.916    3.916
(  25, 91)  coste     5.166    5.166
(  26, 27)  coste     8.975    8.975
(  26, 31)  coste     5.625    5.625
(  26, 45)  coste     16.178    16.178
(  26, 48)  coste     6.199    6.199
(  26, 49)  coste     7.689    7.689
(  26, 50)  coste     4.709    4.709
(  26, 62)  coste     5.251    5.251
(  26, 76)  coste     16.819    16.819
(  26, 78)  coste     7.748    7.748
(  26, 99)  coste     15.576    15.576
(  27, 32)  coste     2.096    2.096
(  27, 53)  coste     5.529    5.529
(  27, 55)  coste     10.480    10.480
(  27, 56)  coste     6.886    6.886
(  27, 84)  coste     9.520    9.520
(  27, 97)  coste     11.799    11.799
(  27, 100)  coste     7.292    7.292
(  28, 36)  coste     8.689    8.689
(  28, 46)  coste     1.882    1.882
(  28, 84)  coste     3.732    3.732
(  28, 87)  coste     9.719    9.719
(  29, 32)  coste     11.192    11.192
(  29, 46)  coste     6.200    6.200
(  29, 50)  coste     1.520    1.520
(  29, 70)  coste     7.534    7.534
(  29, 73)  coste     6.409    6.409
(  29, 82)  coste     6.501    6.501
(  29, 86)  coste     4.842    4.842
(  29, 93)  coste     3.992    3.992
(  29, 98)  coste     7.398    7.398
(  30, 59)  coste     10.884    10.884
(  30, 68)  coste     6.914    6.914
(  30, 85)  coste     6.420    6.420
(  31, 39)  coste     7.204    7.204
(  31, 49)  coste     9.948    9.948
(  31, 55)  coste     7.124    7.124
(  31, 56)  coste     3.536    3.536
(  31, 79)  coste     3.696    3.696
(  31, 80)  coste     4.488    4.488
(  32, 44)  coste     12.532    12.532
(  32, 45)  coste     9.349    9.349
(  32, 57)  coste     6.959    6.959
(  32, 61)  coste     10.846    10.846
(  32, 76)  coste     8.188    8.188
(  33, 43)  coste     6.975    6.975
(  33, 48)  coste     12.213    12.213
(  33, 51)  coste     6.938    6.938
(  33, 54)  coste     4.866    4.866
(  33, 56)  coste     7.705    7.705
(  33, 59)  coste     8.377    8.377
(  33, 63)  coste     9.196    9.196
(  33, 81)  coste     10.093    10.093
(  33, 86)  coste     1.211    1.211
(  33, 87)  coste     10.288    10.288
(  34, 38)  coste     3.439    3.439
(  34, 39)  coste     6.260    6.260
(  34, 47)  coste     8.156    8.156
(  34, 52)  coste     6.062    6.062
(  34, 54)  coste     7.381    7.381
(  34, 79)  coste     4.250    4.250
(  34, 99)  coste     8.027    8.027
(  35, 56)  coste     13.792    13.792
(  35, 60)  coste     7.579    7.579
(  35, 73)  coste     13.615    13.615
(  35, 74)  coste     14.323    14.323
(  35, 84)  coste     3.538    3.538
(  35, 87)  coste     3.543    3.543
(  35, 90)  coste     7.074    7.074
(  36, 50)  coste     6.963    6.963
(  36, 60)  coste     10.092    10.092
(  36, 93)  coste     2.451    2.451
(  37, 46)  coste     5.773    5.773
(  37, 55)  coste     11.089    11.089
(  37, 62)  coste     9.477    9.477
(  37, 92)  coste     10.305    10.305
(  37, 99)  coste     1.582    1.582
(  38, 65)  coste     6.345    6.345
(  38, 70)  coste     7.797    7.797
(  38, 81)  coste     6.725    6.725
(  38, 99)  coste     4.588    4.588
(  39, 44)  coste     6.610    6.610
(  39, 64)  coste     8.034    8.034
(  39, 71)  coste     5.600    5.600
(  39, 87)  coste     1.387    1.387
(  40, 53)  coste     6.430    6.430
(  40, 58)  coste     1.159    1.159
(  40, 82)  coste     5.800    5.800
(  40, 100)  coste     6.725    6.725
(  41, 46)  coste     4.307    4.307
(  41, 63)  coste     9.316    9.316
(  41, 72)  coste     1.234    1.234
(  41, 86)  coste     5.505    5.505
(  41, 97)  coste     3.512    3.512
(  42, 45)  coste     5.689    5.689
(  42, 54)  coste     10.321    10.321
(  42, 62)  coste     5.238    5.238
(  42, 74)  coste     8.931    8.931
(  42, 84)  coste     5.248    5.248
(  42, 98)  coste     12.222    12.222
(  42, 99)  coste     5.087    5.087
(  43, 44)  coste     4.684    4.684
(  43, 65)  coste     3.170    3.170
(  44, 49)  coste     3.714    3.714
(  44, 88)  coste     9.486    9.486
(  44, 97)  coste     3.243    3.243
(  45, 52)  coste     3.229    3.229
(  45, 70)  coste     9.283    9.283
(  46, 63)  coste     5.009    5.009
(  46, 87)  coste     7.837    7.837
(  47, 48)  coste     9.506    9.506
(  47, 61)  coste     8.624    8.624
(  47, 71)  coste     8.476    8.476
(  47, 72)  coste     9.823    9.823
(  47, 76)  coste     1.114    1.114
(  48, 65)  coste     2.500    2.500
(  48, 78)  coste     12.957    12.957
(  48, 93)  coste     5.406    5.406
(  48, 99)  coste     9.377    9.377
(  49, 56)  coste     8.282    8.282
(  49, 78)  coste     0.483    0.483
(  49, 80)  coste     8.720    8.720
(  50, 63)  coste     9.689    9.689
(  50, 69)  coste     5.084    5.084
(  50, 95)  coste     5.974    5.974
(  51, 52)  coste     3.939    3.939
(  51, 80)  coste     10.569    10.569
(  51, 97)  coste     3.836    3.836
(  52, 53)  coste     8.077    8.077
(  52, 56)  coste     11.044    11.044
(  52, 64)  coste     8.338    8.338
(  52, 71)  coste     5.904    5.904
(  52, 82)  coste     3.877    3.877
(  52, 85)  coste     8.334    8.334
(  52, 95)  coste     4.572    4.572
(  53, 85)  coste     4.629    4.629
(  53, 89)  coste     8.438    8.438
(  53, 90)  coste     6.665    6.665
(  54, 70)  coste     6.727    6.727
(  54, 75)  coste     3.719    3.719
(  54, 88)  coste     3.427    3.427
(  54, 92)  coste     4.255    4.255
(  54, 96)  coste     1.301    1.301
(  54, 100)  coste     5.567    5.567
(  55, 63)  coste     10.325    10.325
(  55, 71)  coste     3.780    3.780
(  56, 64)  coste     6.230    6.230
(  56, 66)  coste     6.752    6.752
(  56, 68)  coste     7.086    7.086
(  56, 72)  coste     4.071    4.071
(  56, 77)  coste     9.914    9.914
(  56, 80)  coste     0.952    0.952
(  56, 98)  coste     11.472    11.472
(  57, 60)  coste     8.698    8.698
(  57, 66)  coste     6.911    6.911
(  57, 85)  coste     3.963    3.963
(  57, 88)  coste     2.089    2.089
(  57, 92)  coste     6.451    6.451
(  57, 96)  coste     3.985    3.985
(  58, 60)  coste     11.835    11.835
(  58, 61)  coste     7.024    7.024
(  58, 70)  coste     5.526    5.526
(  58, 86)  coste     12.212    12.212
(  58, 90)  coste     10.468    10.468
(  58, 93)  coste     5.674    5.674
(  58, 99)  coste     6.677    6.677
(  59, 61)  coste     6.064    6.064
(  59, 62)  coste     7.894    7.894
(  59, 85)  coste     8.346    8.346
(  60, 73)  coste     10.874    10.874
(  60, 81)  coste     10.927    10.927
(  60, 96)  coste     9.633    9.633
(  61, 63)  coste     6.883    6.883
(  61, 88)  coste     5.164    5.164
(  61, 92)  coste     2.658    2.658
(  61, 97)  coste     3.049    3.049
(  62, 63)  coste     8.713    8.713
(  62, 64)  coste     3.672    3.672
(  62, 68)  coste     5.418    5.418
(  62, 70)  coste     6.018    6.018
(  62, 73)  coste     4.893    4.893
(  62, 79)  coste     1.952    1.952
(  62, 82)  coste     4.005    4.005
(  62, 86)  coste     6.358    6.358
(  63, 88)  coste     12.047    12.047
(  64, 73)  coste     8.565    8.565
(  64, 84)  coste     9.098    9.098
(  64, 94)  coste     14.318    14.318
(  64, 96)  coste     3.326    3.326
(  65, 86)  coste     10.924    10.924
(  65, 93)  coste     2.906    2.906
(  65, 98)  coste     13.480    13.480
(  66, 70)  coste     10.212    10.212
(  66, 95)  coste     3.860    3.860
(  67, 82)  coste     7.154    7.154
(  67, 85)  coste     1.937    1.937
(  67, 90)  coste     12.981    12.981
(  67, 91)  coste     12.308    12.308
(  68, 79)  coste     5.876    5.876
(  68, 80)  coste     8.038    8.038
(  68, 93)  coste     3.758    3.758
(  68, 100)  coste     5.130    5.130
(  69, 77)  coste     8.034    8.034
(  69, 81)  coste     6.906    6.906
(  70, 80)  coste     5.758    5.758
(  71, 74)  coste     5.671    5.671
(  71, 76)  coste     9.590    9.590
(  71, 82)  coste     2.027    2.027
(  71, 97)  coste     5.099    5.099
(  71, 99)  coste     8.347    8.347
(  72, 76)  coste     10.937    10.937
(  72, 77)  coste     6.121    6.121
(  72, 88)  coste     4.659    4.659
(  72, 90)  coste     3.101    3.101
(  72, 94)  coste     12.159    12.159
(  72, 100)  coste     1.801    1.801
(  74, 76)  coste     15.261    15.261
(  74, 92)  coste     4.001    4.001
(  75, 78)  coste     5.725    5.725
(  75, 79)  coste     0.694    0.694
(  75, 89)  coste     9.607    9.607
(  77, 91)  coste     2.157    2.157
(  77, 96)  coste     10.534    10.534
(  78, 83)  coste     12.167    12.167
(  79, 89)  coste     10.195    10.195
(  79, 98)  coste     9.442    9.442
(  80, 91)  coste     10.899    10.899
(  80, 98)  coste     11.910    11.910
(  81, 96)  coste     9.406    9.406
(  82, 83)  coste     5.063    5.063
(  82, 93)  coste     2.509    2.509
(  87, 99)  coste     5.964    5.964
(  88, 90)  coste     7.760    7.760
(  89, 95)  coste     3.245    3.245
(  89, 99)  coste     2.082    2.082
(  92, 99)  coste     11.153    11.153
(  93, 95)  coste     3.502    3.502
(  95, 98)  coste     7.898    7.898
(  96, 99)  coste     14.107    14.107
(  96, 100)  coste     4.266    4.266
(  99, 100)  coste     9.841    9.841
