NOMBRE : N100E500R70_03
COMENTARIO : Generated instance
VERTICES : 100
ARISTAS_REQ : 70
ARISTAS_NOREQ : 430
COORDS :
1 4.238 5.175
2 6.739 9.958
3 9.466 2.571
4 5.269 6.688
5 8.253 3.660
6 8.322 2.603
7 4.910 9.940
8 9.745 8.214
9 6.575 5.455
10 0.527 4.800
11 6.985 6.241
12 7.526 1.976
13 1.479 0.460
14 7.167 0.073
15 4.603 8.227
16 8.761 7.791
17 4.462 2.158
18 5.891 7.488
19 8.527 4.351
20 1.421 3.522
21 0.776 1.411
22 6.560 7.885
23 5.020 2.144
24 1.976 1.327
25 5.192 1.917
26 8.940 5.051
27 5.883 9.450
28 4.208 7.585
29 2.756 6.526
30 9.458 5.045
31 1.464 6.092
32 5.308 5.948
33 1.983 7.986
34 8.397 8.474
35 2.875 5.411
36 9.215 6.493
37 9.465 9.945
38 2.416 1.064
39 1.321 5.751
40 3.775 4.507
41 4.228 3.626
42 8.120 6.048
43 1.055 4.310
44 7.819 3.829
45 4.102 1.860
46 3.576 6.419
47 7.662 4.213
48 4.181 6.679
49 6.951 3.225
50 8.559 9.481
51 7.031 9.959
52 3.958 0.799
53 0.152 2.749
54 3.221 3.237
55 4.735 0.193
56 2.215 9.320
57 2.944 4.518
58 0.486 5.801
59 6.703 1.583
60 9.626 0.497
61 5.691 8.348
62 5.463 0.003
63 2.507 7.687
64 0.002 7.058
65 0.911 8.579
66 9.091 7.777
67 2.155 2.799
68 0.327 3.361
69 5.681 4.340
70 6.818 8.683
71 3.866 5.211
72 0.037 6.811
73 1.020 8.824
74 7.350 5.390
75 9.116 3.228
76 6.954 2.752
77 2.766 0.256
78 3.192 7.307
79 3.497 2.821
80 1.417 2.622
81 5.466 3.737
82 6.241 4.865
83 6.022 0.792
84 9.979 1.890
85 8.952 1.015
86 0.126 9.103
87 0.752 0.812
88 8.956 0.103
89 7.454 8.559
90 3.696 9.091
91 7.029 7.813
92 1.368 9.091
93 4.801 4.641
94 2.444 3.662
95 9.373 4.735
96 7.736 2.604
97 3.285 8.177
98 7.942 6.068
99 2.746 8.098
100 3.604 1.701
LISTA_ARISTAS_REQ :
(   1, 38)  coste     5.933    5.933
(   1, 65)  coste     6.731    6.731
(   4, 53)  coste     9.056    9.056
(   4, 72)  coste     5.355    5.355
(   5, 89)  coste     5.698    5.698
(   6, 30)  coste     3.578    3.578
(   7, 77)  coste     11.828    11.828
(   7, 78)  coste     4.351    4.351
(   8, 17)  coste     11.339    11.339
(   9, 55)  coste     7.102    7.102
(  11, 53)  coste     10.325    10.325
(  14, 54)  coste     7.110    7.110
(  14, 80)  coste     8.299    8.299
(  16, 28)  coste     4.759    4.759
(  16, 90)  coste     6.365    6.365
(  18, 20)  coste     8.436    8.436
(  18, 22)  coste     1.066    1.066
(  18, 57)  coste     5.917    5.917
(  19, 39)  coste     8.606    8.606
(  20, 65)  coste     5.567    5.567
(  22, 70)  coste     1.056    1.056
(  23, 46)  coste     5.719    5.719
(  24, 74)  coste     9.437    9.437
(  26, 70)  coste     5.754    5.754
(  26, 90)  coste     9.284    9.284
(  26, 92)  coste     11.612    11.612
(  27, 42)  coste     5.639    5.639
(  28, 47)  coste     6.826    6.826
(  29, 54)  coste     3.754    3.754
(  29, 61)  coste     4.757    4.757
(  29, 92)  coste     3.953    3.953
(  31, 39)  coste     0.484    0.484
(  31, 61)  coste     6.483    6.483
(  31, 84)  coste     12.717    12.717
(  32, 91)  coste     3.586    3.586
(  33, 86)  coste     2.974    2.974
(  33, 93)  coste     6.163    6.163
(  34, 87)  coste     15.307    15.307
(  34, 96)  coste     6.531    6.531
(  36, 71)  coste     6.631    6.631
(  38, 75)  coste     8.864    8.864
(  39, 85)  coste     12.367    12.367
(  40, 76)  coste     4.934    4.934
(  41, 98)  coste     6.156    6.156
(  42, 63)  coste     7.252    7.252
(  42, 80)  coste     10.129    10.129
(  43, 55)  coste     7.797    7.797
(  43, 76)  coste     7.457    7.457
(  43, 83)  coste     8.485    8.485
(  43, 98)  coste     8.645    8.645
(  44, 97)  coste     8.882    8.882
(  45, 53)  coste     4.839    4.839
(  46, 98)  coste     4.717    4.717
(  49, 69)  coste     2.385    2.385
(  52, 72)  coste     9.933    9.933
(  54, 58)  coste     5.299    5.299
(  54, 59)  coste     5.136    5.136
(  54, 70)  coste     9.043    9.043
(  59, 72)  coste     11.894    11.894
(  59, 85)  coste     2.817    2.817
(  60, 98)  coste     7.255    7.255
(  62, 65)  coste     13.128    13.128
(  64, 96)  coste     12.188    12.188
(  65, 73)  coste     0.354    0.354
(  65, 79)  coste     8.344    8.344
(  75, 89)  coste     6.993    6.993
(  78, 80)  coste     6.460    6.460
(  82, 88)  coste     7.477    7.477
(  82, 95)  coste     3.262    3.262
(  86, 92)  coste     1.254    1.254
LISTA_ARISTAS_NOREQ :
(   1, 10)  coste     4.086    4.086
(   1, 11)  coste     3.813    3.813
(   1, 14)  coste     8.031    8.031
(   1, 22)  coste     5.032    5.032
(   1, 34)  coste     7.458    7.458
(   1, 39)  coste     3.493    3.493
(   1, 46)  coste     1.906    1.906
(   1, 55)  coste     5.479    5.479
(   1, 57)  coste     1.951    1.951
(   1, 76)  coste     5.139    5.139
(   1, 80)  coste     5.374    5.374
(   1, 81)  coste     2.666    2.666
(   1, 88)  coste     9.790    9.790
(   2, 19)  coste     7.395    7.395
(   2, 26)  coste     7.108    7.108
(   2, 51)  coste     0.293    0.293
(   2, 58)  coste     10.410    10.410
(   2, 63)  coste     6.503    6.503
(   2, 66)  coste     4.533    4.533
(   2, 71)  coste     7.620    7.620
(   3,  8)  coste     5.922    5.922
(   3, 15)  coste     10.519    10.519
(   3, 17)  coste     5.417    5.417
(   3, 20)  coste     8.996    8.996
(   3, 32)  coste     7.535    7.535
(   3, 43)  coste     10.150    10.150
(   3, 48)  coste     9.393    9.393
(   3, 51)  coste     9.823    9.823
(   3, 57)  coste     8.469    8.469
(   3, 59)  coste     3.751    3.751
(   3, 63)  coste     12.075    12.075
(   3, 66)  coste     5.581    5.581
(   3, 71)  coste     8.240    8.240
(   3, 78)  coste     11.010    11.010
(   3, 89)  coste     8.000    8.000
(   4,  7)  coste     3.611    3.611
(   4, 18)  coste     1.422    1.422
(   4, 20)  coste     7.014    7.014
(   4, 35)  coste     3.671    3.671
(   4, 38)  coste     8.477    8.477
(   4, 60)  coste     10.548    10.548
(   4, 67)  coste     7.003    7.003
(   4, 70)  coste     3.544    3.544
(   4, 85)  coste     9.356    9.356
(   4, 95)  coste     6.057    6.057
(   5,  8)  coste     6.046    6.046
(   5, 21)  coste     9.726    9.726
(   5, 36)  coste     3.795    3.795
(   5, 48)  coste     7.091    7.091
(   5, 54)  coste     5.455    5.455
(   5, 57)  coste     6.167    6.167
(   5, 59)  coste     3.627    3.627
(   5, 62)  coste     6.447    6.447
(   5, 65)  coste     12.261    12.261
(   5, 68)  coste     8.225    8.225
(   5, 87)  coste     10.349    10.349
(   5, 88)  coste     4.260    4.260
(   5, 95)  coste     2.195    2.195
(   5, 100)  coste     6.608    6.608
(   6, 12)  coste     1.423    1.423
(   6, 14)  coste     3.685    3.685
(   6, 21)  coste     8.738    8.738
(   6, 61)  coste     8.376    8.376
(   6, 62)  coste     5.459    5.459
(   6, 63)  coste     10.899    10.899
(   6, 80)  coste     6.924    6.924
(   6, 91)  coste     6.503    6.503
(   7, 36)  coste     7.752    7.752
(   7, 41)  coste     6.996    6.996
(   7, 65)  coste     5.360    5.360
(   7, 91)  coste     4.246    4.246
(   8, 24)  coste     14.656    14.656
(   8, 62)  coste     12.493    12.493
(   8, 66)  coste     1.091    1.091
(   8, 70)  coste     3.396    3.396
(   9, 20)  coste     7.087    7.087
(   9, 65)  coste     8.788    8.788
(   9, 87)  coste     10.466    10.466
(   9, 92)  coste     8.843    8.843
(  10, 14)  coste     11.367    11.367
(  10, 41)  coste     4.875    4.875
(  10, 48)  coste     5.533    5.533
(  10, 52)  coste     7.432    7.432
(  10, 53)  coste     2.426    2.426
(  10, 55)  coste     8.815    8.815
(  11, 20)  coste     8.283    8.283
(  11, 36)  coste     2.482    2.482
(  11, 38)  coste     9.746    9.746
(  11, 45)  coste     7.264    7.264
(  11, 55)  coste     8.298    8.298
(  11, 86)  coste     9.721    9.721
(  11, 96)  coste     4.388    4.388
(  12, 16)  coste     7.050    7.050
(  12, 24)  coste     6.199    6.199
(  12, 40)  coste     6.282    6.282
(  12, 59)  coste     1.216    1.216
(  12, 74)  coste     3.590    3.590
(  12, 84)  coste     2.539    2.539
(  12, 87)  coste     7.938    7.938
(  13, 60)  coste     8.184    8.184
(  13, 74)  coste     10.801    10.801
(  13, 76)  coste     7.767    7.767
(  13, 97)  coste     9.523    9.523
(  14, 18)  coste     8.691    8.691
(  14, 30)  coste     7.263    7.263
(  14, 43)  coste     10.349    10.349
(  14, 69)  coste     5.753    5.753
(  14, 88)  coste     1.819    1.819
(  14, 95)  coste     6.868    6.868
(  15, 16)  coste     4.594    4.594
(  15, 18)  coste     2.027    2.027
(  15, 48)  coste     1.970    1.970
(  15, 56)  coste     3.481    3.481
(  15, 57)  coste     5.368    5.368
(  15, 69)  coste     4.965    4.965
(  15, 84)  coste     11.713    11.713
(  16, 20)  coste     11.609    11.609
(  16, 21)  coste     14.365    14.365
(  16, 43)  coste     11.187    11.187
(  16, 62)  coste     11.086    11.086
(  16, 71)  coste     7.475    7.475
(  16, 75)  coste     4.918    4.918
(  16, 83)  coste     9.738    9.738
(  17, 31)  coste     6.932    6.932
(  17, 34)  coste     10.251    10.251
(  17, 93)  coste     2.822    2.822
(  18, 37)  coste     6.031    6.031
(  18, 42)  coste     3.669    3.669
(  18, 43)  coste     8.014    8.014
(  18, 71)  coste     4.302    4.302
(  18, 72)  coste     6.531    6.531
(  18, 77)  coste     10.357    10.357
(  18, 84)  coste     9.686    9.686
(  18, 86)  coste     7.380    7.380
(  18, 93)  coste     3.937    3.937
(  18, 100)  coste     8.074    8.074
(  19, 31)  coste     8.804    8.804
(  19, 48)  coste     6.674    6.674
(  19, 54)  coste     6.420    6.420
(  19, 64)  coste     11.232    11.232
(  19, 70)  coste     6.041    6.041
(  19, 90)  coste     9.571    9.571
(  20, 66)  coste     11.925    11.925
(  20, 71)  coste     4.134    4.134
(  20, 93)  coste     4.499    4.499
(  20, 98)  coste     9.067    9.067
(  21, 31)  coste     5.369    5.369
(  21, 32)  coste     9.069    9.069
(  21, 34)  coste     14.684    14.684
(  21, 59)  coste     6.099    6.099
(  21, 76)  coste     7.519    7.519
(  21, 94)  coste     3.919    3.919
(  21, 95)  coste     11.921    11.921
(  22, 57)  coste     6.983    6.983
(  22, 67)  coste     9.491    9.491
(  22, 69)  coste     4.424    4.424
(  22, 85)  coste     9.262    9.262
(  22, 94)  coste     8.339    8.339
(  22, 100)  coste     9.140    9.140
(  23, 51)  coste     9.826    9.826
(  23, 65)  coste     10.544    10.544
(  23, 68)  coste     5.910    5.910
(  23, 92)  coste     10.599    10.599
(  24, 26)  coste     10.688    10.688
(  24, 50)  coste     14.737    14.737
(  24, 54)  coste     3.155    3.155
(  24, 66)  coste     13.565    13.565
(  24, 75)  coste     9.041    9.041
(  25, 39)  coste     7.705    7.705
(  25, 56)  coste     10.380    10.380
(  25, 58)  coste     8.590    8.590
(  25, 73)  coste     11.079    11.079
(  25, 89)  coste     8.904    8.904
(  26, 43)  coste     8.626    8.626
(  26, 53)  coste     11.090    11.090
(  26, 57)  coste     6.529    6.529
(  26, 66)  coste     2.877    2.877
(  26, 77)  coste     10.969    10.969
(  26, 82)  coste     2.885    2.885
(  27, 43)  coste     9.968    9.968
(  27, 50)  coste     2.707    2.707
(  27, 64)  coste     8.273    8.273
(  28, 35)  coste     3.507    3.507
(  28, 43)  coste     6.428    6.428
(  28, 64)  coste     4.733    4.733
(  28, 78)  coste     1.294    1.294
(  28, 90)  coste     2.018    2.018
(  29, 45)  coste     6.012    6.012
(  29, 68)  coste     5.594    5.594
(  29, 73)  coste     4.034    4.034
(  29, 75)  coste     9.658    9.658
(  29, 94)  coste     3.176    3.176
(  29, 97)  coste     2.180    2.180
(  30, 39)  coste     8.843    8.843
(  30, 41)  coste     6.649    6.649
(  30, 56)  coste     11.518    11.518
(  30, 68)  coste     10.815    10.815
(  30, 84)  coste     3.676    3.676
(  30, 100)  coste     9.198    9.198
(  31, 36)  coste     8.152    8.152
(  31, 41)  coste     5.230    5.230
(  31, 43)  coste     2.191    2.191
(  31, 69)  coste     5.969    5.969
(  31, 90)  coste     5.231    5.231
(  31, 100)  coste     6.531    6.531
(  32, 40)  coste     2.974    2.974
(  32, 46)  coste     2.203    2.203
(  32, 52)  coste     6.499    6.499
(  32, 60)  coste     9.769    9.769
(  32, 79)  coste     4.938    4.938
(  32, 82)  coste     2.016    2.016
(  33, 34)  coste     6.902    6.902
(  33, 35)  coste     3.467    3.467
(  33, 55)  coste     10.545    10.545
(  33, 73)  coste     1.801    1.801
(  34, 37)  coste     2.539    2.539
(  35, 46)  coste     1.709    1.709
(  35, 47)  coste     5.985    5.985
(  35, 50)  coste     9.754    9.754
(  35, 70)  coste     7.215    7.215
(  35, 72)  coste     4.238    4.238
(  36, 62)  coste     10.242    10.242
(  36, 63)  coste     7.902    7.902
(  36, 76)  coste     6.002    6.002
(  36, 93)  coste     6.266    6.266
(  36, 95)  coste     1.916    1.916
(  37, 51)  coste     2.448    2.448
(  37, 78)  coste     8.911    8.911
(  37, 84)  coste     8.569    8.569
(  37, 90)  coste     6.623    6.623
(  38, 40)  coste     4.802    4.802
(  38, 49)  coste     6.696    6.696
(  38, 55)  coste     3.190    3.190
(  38, 58)  coste     6.667    6.667
(  38, 59)  coste     4.806    4.806
(  38, 80)  coste     2.557    2.557
(  38, 83)  coste     3.878    3.878
(  38, 91)  coste     11.362    11.362
(  39, 50)  coste     10.968    10.968
(  39, 54)  coste     4.414    4.414
(  39, 62)  coste     9.890    9.890
(  39, 76)  coste     8.632    8.632
(  39, 98)  coste     6.938    6.938
(  39, 99)  coste     3.772    3.772
(  39, 100)  coste     6.333    6.333
(  40, 51)  coste     8.708    8.708
(  40, 63)  coste     4.448    4.448
(  40, 77)  coste     5.260    5.260
(  40, 83)  coste     5.962    5.962
(  40, 92)  coste     6.991    6.991
(  41, 49)  coste     3.124    3.124
(  41, 50)  coste     10.186    10.186
(  41, 52)  coste     3.097    3.097
(  41, 63)  coste     5.782    5.782
(  41, 65)  coste     8.270    8.270
(  41, 69)  coste     2.167    2.167
(  41, 70)  coste     7.647    7.647
(  41, 71)  coste     1.947    1.947
(  41, 84)  coste     7.487    7.487
(  41, 96)  coste     4.530    4.530
(  42, 54)  coste     7.710    7.710
(  42, 62)  coste     8.702    8.702
(  42, 72)  coste     8.846    8.846
(  42, 74)  coste     1.428    1.428
(  42, 78)  coste     6.187    6.187
(  43, 53)  coste     2.464    2.464
(  43, 58)  coste     2.060    2.060
(  43, 68)  coste     1.677    1.677
(  43, 77)  coste     5.765    5.765
(  43, 80)  coste     2.050    2.050
(  43, 81)  coste     4.984    4.984
(  43, 86)  coste     5.722    5.722
(  43, 94)  coste     2.037    2.037
(  43, 95)  coste     8.743    8.743
(  43, 99)  coste     5.479    5.479
(  44, 72)  coste     10.764    10.764
(  44, 81)  coste     2.445    2.445
(  44, 83)  coste     4.834    4.834
(  44, 96)  coste     1.308    1.308
(  45, 47)  coste     5.913    5.913
(  45, 51)  coste     11.028    11.028
(  45, 54)  coste     2.258    2.258
(  45, 57)  coste     3.816    3.816
(  45, 61)  coste     8.077    8.077
(  45, 88)  coste     6.611    6.611
(  46, 60)  coste     11.972    11.972
(  46, 72)  coste     3.931    3.931
(  46, 77)  coste     6.973    6.973
(  47, 63)  coste     8.629    8.629
(  47, 66)  coste     4.993    4.993
(  47, 68)  coste     8.187    8.187
(  47, 72)  coste     10.223    10.223
(  47, 83)  coste     5.061    5.061
(  47, 91)  coste     4.233    4.233
(  47, 97)  coste     8.341    8.341
(  48, 62)  coste     7.958    7.958
(  48, 67)  coste     5.906    5.906
(  48, 80)  coste     6.821    6.821
(  48, 81)  coste     4.227    4.227
(  48, 88)  coste     11.351    11.351
(  48, 96)  coste     7.630    7.630
(  48, 98)  coste     4.372    4.372
(  49, 51)  coste     6.814    6.814
(  49, 54)  coste     3.742    3.742
(  49, 55)  coste     5.248    5.248
(  49, 59)  coste     1.890    1.890
(  49, 65)  coste     11.394    11.394
(  49, 66)  coste     6.692    6.692
(  49, 79)  coste     3.858    3.858
(  49, 95)  coste     3.932    3.932
(  49, 100)  coste     4.871    4.871
(  50, 61)  coste     4.001    4.001
(  50, 75)  coste     6.810    6.810
(  50, 77)  coste     15.018    15.018
(  50, 83)  coste     11.226    11.226
(  50, 88)  coste     9.775    9.775
(  50, 93)  coste     8.598    8.598
(  50, 100)  coste     12.735    12.735
(  51, 54)  coste     10.532    10.532
(  51, 58)  coste     10.703    10.703
(  51, 66)  coste     4.242    4.242
(  51, 71)  coste     7.913    7.913
(  51, 88)  coste     11.781    11.781
(  51, 99)  coste     6.146    6.146
(  52, 68)  coste     6.193    6.193
(  52, 81)  coste     4.446    4.446
(  52, 86)  coste     12.136    12.136
(  52, 92)  coste     10.882    10.882
(  52, 99)  coste     8.511    8.511
(  53, 61)  coste     11.138    11.138
(  53, 71)  coste     6.176    6.176
(  53, 73)  coste     6.943    6.943
(  53, 76)  coste     6.805    6.805
(  53, 78)  coste     7.598    7.598
(  53, 87)  coste     2.537    2.537
(  54, 62)  coste     5.476    5.476
(  54, 75)  coste     5.904    5.904
(  54, 91)  coste     8.384    8.384
(  55, 60)  coste     5.195    5.195
(  55, 62)  coste     0.918    0.918
(  55, 67)  coste     5.186    5.186
(  55, 82)  coste     6.178    6.178
(  55, 99)  coste     9.894    9.894
(  56, 99)  coste     1.753    1.753
(  57, 68)  coste     3.774    3.774
(  57, 82)  coste     3.644    3.644
(  57, 85)  coste     9.511    9.511
(  57, 92)  coste     6.149    6.149
(  57, 95)  coste     6.646    6.646
(  58, 63)  coste     3.907    3.907
(  58, 72)  coste     1.459    1.459
(  58, 93)  coste     5.475    5.475
(  58, 94)  coste     4.097    4.097
(  59, 61)  coste     7.777    7.777
(  59, 63)  coste     10.300    10.300
(  59, 81)  coste     3.391    3.391
(  59, 97)  coste     10.012    10.012
(  60, 64)  coste     16.185    16.185
(  60, 65)  coste     16.797    16.797
(  60, 67)  coste     9.773    9.773
(  60, 68)  coste     12.163    12.163
(  60, 79)  coste     8.453    8.453
(  60, 83)  coste     3.899    3.899
(  60, 84)  coste     1.746    1.746
(  61, 76)  coste     6.859    6.859
(  61, 79)  coste     7.721    7.721
(  61, 84)  coste     10.746    10.746
(  61, 93)  coste     4.597    4.597
(  61, 100)  coste     8.734    8.734
(  62, 93)  coste     5.300    5.300
(  63, 64)  coste     3.134    3.134
(  63, 83)  coste     10.410    10.410
(  63, 84)  coste     13.269    13.269
(  63, 86)  coste     3.797    3.797
(  63, 100)  coste     7.083    7.083
(  64, 86)  coste     2.169    2.169
(  64, 97)  coste     4.402    4.402
(  65, 67)  coste     7.024    7.024
(  65, 69)  coste     9.009    9.009
(  65, 78)  coste     3.553    3.553
(  65, 84)  coste     15.757    15.757
(  65, 89)  coste     6.563    6.563
(  65, 97)  coste     2.776    2.776
(  65, 100)  coste     9.571    9.571
(  66, 80)  coste     12.829    12.829
(  66, 85)  coste     6.901    6.901
(  67, 74)  coste     7.786    7.786
(  67, 86)  coste     8.333    8.333
(  68, 84)  coste     11.123    11.123
(  69, 84)  coste     6.748    6.748
(  69, 86)  coste     10.318    10.318
(  69, 87)  coste     8.457    8.457
(  69, 93)  coste     1.181    1.181
(  70, 80)  coste     11.462    11.462
(  70, 90)  coste     3.530    3.530
(  70, 96)  coste     6.997    6.997
(  70, 99)  coste     4.657    4.657
(  71, 80)  coste     5.038    5.038
(  71, 97)  coste     3.547    3.547
(  74, 78)  coste     6.075    6.075
(  74, 87)  coste     11.176    11.176
(  74, 94)  coste     6.634    6.634
(  74, 97)  coste     6.852    6.852
(  75, 76)  coste     2.638    2.638
(  75, 95)  coste     1.764    1.764
(  76, 80)  coste     5.667    5.667
(  76, 85)  coste     3.735    3.735
(  76, 94)  coste     5.420    5.420
(  76, 99)  coste     9.554    9.554
(  77, 84)  coste     8.847    8.847
(  78, 85)  coste     12.052    12.052
(  78, 90)  coste     2.288    2.288
(  78, 96)  coste     9.247    9.247
(  79, 85)  coste     7.261    7.261
(  80, 81)  coste     5.164    5.164
(  80, 100)  coste     3.108    3.108
(  81, 84)  coste     6.360    6.360
(  81, 88)  coste     7.124    7.124
(  81, 98)  coste     4.807    4.807
(  83, 92)  coste     12.953    12.953
(  83, 98)  coste     7.196    7.196
(  84, 88)  coste     2.810    2.810
(  86, 99)  coste     3.625    3.625
(  87, 89)  coste     14.449    14.449
(  88, 89)  coste     9.958    9.958
(  88, 99)  coste     14.205    14.205
(  89, 99)  coste     5.169    5.169
(  91, 98)  coste     2.658    2.658
(  93, 96)  coste     4.972    4.972
(  98, 100)  coste     8.705    8.705
