NOMBRE : N100E500R70_01
COMENTARIO : Generated instance
VERTICES : 100
ARISTAS_REQ : 70
ARISTAS_NOREQ : 430
COORDS :
1 8.992 7.964
2 2.630 9.233
3 6.484 3.178
4 5.992 0.444
5 8.752 4.044
6 9.135 3.193
7 0.256 7.352
8 6.272 7.434
9 6.420 4.109
10 7.063 5.355
11 2.089 4.433
12 6.009 0.536
13 0.073 1.694
14 0.404 9.985
15 0.263 3.473
16 4.751 4.335
17 2.348 2.639
18 4.970 5.884
19 1.419 4.718
20 2.679 8.372
21 1.235 2.078
22 8.879 5.057
23 9.519 6.538
24 1.146 0.656
25 6.916 9.776
26 7.389 4.126
27 5.975 4.517
28 1.630 5.802
29 4.386 6.062
30 3.136 5.668
31 3.350 9.871
32 9.740 1.980
33 8.669 3.304
34 8.791 2.028
35 2.522 3.871
36 2.515 6.137
37 4.500 7.545
38 8.369 1.893
39 5.340 6.272
40 9.506 5.203
41 2.322 7.398
42 3.938 2.080
43 4.197 1.199
44 2.995 5.891
45 7.194 3.565
46 8.085 0.317
47 6.341 2.538
48 5.929 8.809
49 7.534 2.786
50 3.484 8.731
51 7.777 0.257
52 5.833 9.578
53 5.486 1.396
54 3.224 3.501
55 2.126 1.635
56 1.898 9.791
57 4.609 9.494
58 6.696 5.122
59 5.052 3.862
60 6.362 1.669
61 6.421 6.359
62 3.770 0.343
63 3.754 6.820
64 7.181 8.977
65 3.062 7.415
66 0.500 2.829
67 1.175 6.559
68 1.369 8.922
69 7.122 7.265
70 0.820 5.322
71 9.944 4.052
72 5.388 7.107
73 4.574 0.963
74 7.325 9.647
75 0.266 8.439
76 9.572 2.248
77 7.690 6.501
78 9.905 7.275
79 5.955 5.182
80 0.020 0.660
81 8.734 6.477
82 3.043 1.998
83 8.142 9.870
84 9.892 0.221
85 8.864 8.463
86 1.900 7.888
87 2.774 0.289
88 9.580 9.981
89 4.321 3.387
90 4.688 2.063
91 7.253 1.168
92 6.416 8.425
93 4.607 8.497
94 0.165 4.047
95 1.525 3.764
96 9.927 8.840
97 5.303 2.866
98 1.467 1.282
99 3.092 4.443
100 0.545 6.279
LISTA_ARISTAS_REQ :
(   1, 57)  coste     5.913    5.913
(   2, 12)  coste     12.076    12.076
(   3, 98)  coste     6.913    6.913
(   4, 53)  coste     1.458    1.458
(   5, 14)  coste     14.289    14.289
(   5, 80)  coste     12.116    12.116
(   6, 85)  coste     5.541    5.541
(   6, 86)  coste     11.930    11.930
(   7, 57)  coste     6.495    6.495
(   8, 13)  coste     11.939    11.939
(   8, 43)  coste     8.310    8.310
(   9, 68)  coste     9.864    9.864
(  10, 50)  coste     6.955    6.955
(  10, 90)  coste     5.667    5.667
(  11, 13)  coste     4.755    4.755
(  11, 37)  coste     5.523    5.523
(  11, 45)  coste     5.973    5.973
(  11, 89)  coste     3.278    3.278
(  12, 71)  coste     7.451    7.451
(  17, 29)  coste     5.461    5.461
(  19, 25)  coste     10.555    10.555
(  19, 77)  coste     8.054    8.054
(  20, 51)  coste     13.213    13.213
(  22, 36)  coste     7.444    7.444
(  22, 83)  coste     5.550    5.550
(  23, 57)  coste     7.866    7.866
(  26, 41)  coste     8.339    8.339
(  27, 44)  coste     4.354    4.354
(  29, 98)  coste     7.699    7.699
(  30, 51)  coste     10.052    10.052
(  30, 90)  coste     5.157    5.157
(  33, 64)  coste     7.161    7.161
(  34, 45)  coste     3.134    3.134
(  34, 70)  coste     11.265    11.265
(  37, 40)  coste     7.348    7.348
(  37, 63)  coste     1.471    1.471
(  37, 84)  coste     12.716    12.716
(  38, 66)  coste     8.805    8.805
(  38, 68)  coste     14.029    14.029
(  41, 84)  coste     14.747    14.747
(  42, 64)  coste     10.140    10.140
(  42, 72)  coste     6.477    6.477
(  42, 98)  coste     3.269    3.269
(  43, 46)  coste     4.770    4.770
(  47, 53)  coste     1.997    1.997
(  47, 77)  coste     5.312    5.312
(  47, 78)  coste     8.301    8.301
(  47, 94)  coste     7.685    7.685
(  48, 98)  coste     11.989    11.989
(  49, 84)  coste     4.923    4.923
(  50, 85)  coste     5.648    5.648
(  50, 94)  coste     8.003    8.003
(  54, 71)  coste     7.271    7.271
(  54, 86)  coste     5.711    5.711
(  56, 68)  coste     1.398    1.398
(  57, 92)  coste     2.876    2.876
(  60, 64)  coste     8.127    8.127
(  62, 72)  coste     8.382    8.382
(  63, 94)  coste     6.362    6.362
(  64, 79)  coste     5.021    5.021
(  70, 78)  coste     11.038    11.038
(  70, 82)  coste     5.547    5.547
(  75, 88)  coste     10.856    10.856
(  77, 92)  coste     3.198    3.198
(  80, 98)  coste     2.069    2.069
(  83, 86)  coste     8.224    8.224
(  89, 92)  coste     7.133    7.133
(  96, 98)  coste     16.018    16.018
(  96, 99)  coste     11.232    11.232
(  97, 98)  coste     5.420    5.420
LISTA_ARISTAS_NOREQ :
(   1, 10)  coste     4.538    4.538
(   1, 15)  coste     13.220    13.220
(   1, 16)  coste     7.870    7.870
(   1, 27)  coste     6.464    6.464
(   1, 30)  coste     8.152    8.152
(   1, 43)  coste     11.560    11.560
(   1, 46)  coste     8.554    8.554
(   1, 55)  coste     13.195    13.195
(   1, 63)  coste     6.382    6.382
(   1, 68)  coste     8.581    8.581
(   1, 74)  coste     3.350    3.350
(   2,  6)  coste     12.545    12.545
(   2, 14)  coste     2.978    2.978
(   2, 20)  coste     0.910    0.910
(   2, 23)  coste     9.584    9.584
(   2, 29)  coste     4.927    4.927
(   2, 46)  coste     14.371    14.371
(   2, 47)  coste     10.406    10.406
(   2, 68)  coste     1.572    1.572
(   2, 71)  coste     12.495    12.495
(   2, 83)  coste     6.149    6.149
(   2, 88)  coste     7.698    7.698
(   2, 100)  coste     5.039    5.039
(   3, 27)  coste     1.848    1.848
(   3, 37)  coste     6.351    6.351
(   3, 73)  coste     4.125    4.125
(   3, 83)  coste     8.350    8.350
(   3, 85)  coste     7.665    7.665
(   3, 95)  coste     5.545    5.545
(   4, 21)  coste     6.391    6.391
(   4, 26)  coste     5.079    5.079
(   4, 35)  coste     6.897    6.897
(   4, 55)  coste     5.057    5.057
(   4, 62)  coste     2.323    2.323
(   4, 75)  coste     13.721    13.721
(   4, 94)  coste     9.430    9.430
(   5, 16)  coste     4.292    4.292
(   5, 26)  coste     1.445    1.445
(   5, 55)  coste     9.035    9.035
(   5, 57)  coste     9.593    9.593
(   5, 65)  coste     9.061    9.061
(   5, 71)  coste     1.200    1.200
(   5, 87)  coste     9.733    9.733
(   5, 93)  coste     8.598    8.598
(   5, 100)  coste     10.442    10.442
(   6, 28)  coste     10.114    10.114
(   6, 29)  coste     7.618    7.618
(   6, 37)  coste     8.987    8.987
(   6, 53)  coste     5.446    5.446
(   6, 73)  coste     6.791    6.791
(   6, 87)  coste     9.265    9.265
(   7, 20)  coste     3.443    3.443
(   7, 22)  coste     10.918    10.918
(   7, 24)  coste     7.586    7.586
(   7, 33)  coste     12.461    12.461
(   7, 47)  coste     10.899    10.899
(   7, 51)  coste     14.616    14.616
(   7, 56)  coste     4.081    4.081
(   7, 59)  coste     8.286    8.286
(   7, 82)  coste     8.141    8.141
(   7, 100)  coste     1.362    1.362
(   8, 32)  coste     8.922    8.922
(   8, 53)  coste     6.824    6.824
(   8, 64)  coste     2.452    2.452
(   9, 20)  coste     8.004    8.004
(   9, 21)  coste     7.216    7.216
(   9, 27)  coste     0.853    0.853
(   9, 29)  coste     3.987    3.987
(   9, 47)  coste     1.650    1.650
(   9, 59)  coste     1.615    1.615
(   9, 75)  coste     10.484    10.484
(   9, 80)  coste     9.849    9.849
(   9, 99)  coste     3.662    3.662
(  10, 16)  coste     3.332    3.332
(  10, 18)  coste     2.622    2.622
(  10, 28)  coste     5.880    5.880
(  10, 29)  coste     3.384    3.384
(  10, 57)  coste     6.593    6.593
(  10, 70)  coste     6.276    6.276
(  10, 73)  coste     6.881    6.881
(  10, 97)  coste     4.249    4.249
(  11, 23)  coste     9.535    9.535
(  11, 25)  coste     10.170    10.170
(  11, 38)  coste     8.820    8.820
(  11, 41)  coste     3.198    3.198
(  11, 60)  coste     7.037    7.037
(  11, 74)  coste     10.450    10.450
(  11, 82)  coste     3.389    3.389
(  11, 84)  coste     12.015    12.015
(  11, 90)  coste     4.969    4.969
(  11, 97)  coste     4.781    4.781
(  12, 13)  coste     7.094    7.094
(  12, 21)  coste     6.316    6.316
(  12, 28)  coste     9.645    9.645
(  12, 53)  coste     1.383    1.383
(  12, 54)  coste     5.750    5.750
(  12, 57)  coste     10.358    10.358
(  12, 68)  coste     13.026    13.026
(  12, 73)  coste     1.862    1.862
(  12, 78)  coste     10.635    10.635
(  12, 79)  coste     4.700    4.700
(  12, 85)  coste     10.782    10.782
(  12, 90)  coste     2.848    2.848
(  12, 95)  coste     7.712    7.712
(  13, 23)  coste     14.290    14.290
(  13, 48)  coste     12.971    12.971
(  13, 71)  coste     12.229    12.229
(  13, 76)  coste     10.053    10.053
(  13, 78)  coste     15.413    15.413
(  14, 32)  coste     17.341    17.341
(  14, 39)  coste     8.649    8.649
(  14, 47)  coste     13.384    13.384
(  14, 56)  coste     1.688    1.688
(  14, 62)  coste     13.008    13.008
(  14, 63)  coste     6.515    6.515
(  14, 70)  coste     5.079    5.079
(  14, 71)  coste     15.473    15.473
(  14, 74)  coste     7.259    7.259
(  14, 79)  coste     10.354    10.354
(  14, 91)  coste     15.666    15.666
(  15, 34)  coste     9.973    9.973
(  15, 42)  coste     5.068    5.068
(  15, 48)  coste     11.002    11.002
(  15, 75)  coste     4.969    4.969
(  15, 97)  coste     5.647    5.647
(  16, 20)  coste     6.109    6.109
(  16, 33)  coste     4.949    4.949
(  16, 38)  coste     6.060    6.060
(  16, 40)  coste     5.623    5.623
(  16, 45)  coste     3.213    3.213
(  16, 63)  coste     3.482    3.482
(  16, 69)  coste     5.301    5.301
(  16, 73)  coste     3.549    3.549
(  16, 77)  coste     5.105    5.105
(  16, 81)  coste     6.125    6.125
(  16, 83)  coste     8.926    8.926
(  16, 84)  coste     9.255    9.255
(  16, 85)  coste     8.241    8.241
(  16, 97)  coste     2.021    2.021
(  17, 23)  coste     11.070    11.070
(  17, 40)  coste     9.722    9.722
(  17, 68)  coste     7.262    7.262
(  17, 79)  coste     6.150    6.150
(  17, 87)  coste     2.776    2.776
(  18, 37)  coste     2.131    2.131
(  18, 60)  coste     5.607    5.607
(  18, 87)  coste     7.791    7.791
(  18, 96)  coste     7.913    7.913
(  18, 97)  coste     3.351    3.351
(  19, 26)  coste     6.562    6.562
(  19, 27)  coste     4.757    4.757
(  19, 44)  coste     2.749    2.749
(  19, 46)  coste     11.067    11.067
(  19, 56)  coste     5.552    5.552
(  19, 60)  coste     7.992    7.992
(  19, 75)  coste     4.874    4.874
(  19, 91)  coste     9.384    9.384
(  19, 92)  coste     8.704    8.704
(  19, 99)  coste     1.948    1.948
(  20, 37)  coste     2.648    2.648
(  20, 69)  coste     5.550    5.550
(  20, 76)  coste     13.017    13.017
(  20, 79)  coste     6.466    6.466
(  21, 43)  coste     3.841    3.841
(  21, 50)  coste     8.902    8.902
(  21, 58)  coste     8.505    8.505
(  21, 72)  coste     9.182    9.182
(  22, 41)  coste     8.898    8.898
(  22, 87)  coste     10.873    10.873
(  22, 89)  coste     6.228    6.228
(  23, 93)  coste     6.871    6.871
(  24, 37)  coste     10.243    10.243
(  24, 42)  coste     4.216    4.216
(  24, 59)  coste     7.112    7.112
(  24, 60)  coste     6.229    6.229
(  24, 96)  coste     16.965    16.965
(  25, 41)  coste     6.972    6.972
(  25, 64)  coste     1.064    1.064
(  25, 71)  coste     8.752    8.752
(  25, 87)  coste     13.629    13.629
(  26, 27)  coste     1.805    1.805
(  26, 44)  coste     6.159    6.159
(  26, 60)  coste     3.484    3.484
(  26, 65)  coste     7.616    7.616
(  26, 82)  coste     6.474    6.474
(  27, 31)  coste     7.979    7.979
(  27, 36)  coste     5.080    5.080
(  27, 49)  coste     3.290    3.290
(  27, 54)  coste     3.767    3.767
(  27, 60)  coste     3.235    3.235
(  27, 64)  coste     5.666    5.666
(  27, 76)  coste     5.866    5.866
(  28, 33)  coste     9.537    9.537
(  28, 66)  coste     4.103    4.103
(  28, 68)  coste     3.381    3.381
(  28, 74)  coste     9.540    9.540
(  28, 96)  coste     11.335    11.335
(  29, 39)  coste     1.164    1.164
(  29, 40)  coste     5.979    5.979
(  29, 41)  coste     3.400    3.400
(  29, 47)  coste     5.479    5.479
(  29, 70)  coste     4.306    4.306
(  30, 37)  coste     3.241    3.241
(  30, 62)  coste     5.959    5.959
(  30, 96)  coste     9.963    9.963
(  31, 70)  coste     7.079    7.079
(  31, 96)  coste     7.608    7.608
(  31, 97)  coste     8.958    8.958
(  32, 48)  coste     10.640    10.640
(  32, 65)  coste     12.113    12.113
(  32, 93)  coste     11.650    11.650
(  32, 96)  coste     7.047    7.047
(  33, 52)  coste     9.110    9.110
(  33, 57)  coste     10.250    10.250
(  33, 83)  coste     7.093    7.093
(  33, 86)  coste     11.353    11.353
(  34, 35)  coste     8.112    8.112
(  34, 37)  coste     9.808    9.808
(  34, 42)  coste     4.905    4.905
(  34, 49)  coste     2.015    2.015
(  34, 56)  coste     14.656    14.656
(  34, 61)  coste     6.701    6.701
(  34, 86)  coste     12.751    12.751
(  35, 43)  coste     4.347    4.347
(  35, 59)  coste     2.539    2.539
(  35, 60)  coste     6.042    6.042
(  35, 73)  coste     4.960    4.960
(  35, 76)  coste     8.673    8.673
(  35, 79)  coste     4.744    4.744
(  35, 92)  coste     8.448    8.448
(  35, 93)  coste     6.711    6.711
(  36, 45)  coste     7.251    7.251
(  36, 62)  coste     7.049    7.049
(  36, 65)  coste     1.825    1.825
(  36, 68)  coste     3.931    3.931
(  36, 73)  coste     7.233    7.233
(  36, 80)  coste     7.972    7.972
(  36, 81)  coste     6.559    6.559
(  36, 94)  coste     4.440    4.440
(  37, 43)  coste     6.649    6.649
(  37, 46)  coste     10.813    10.813
(  37, 59)  coste     4.235    4.235
(  37, 66)  coste     8.716    8.716
(  37, 73)  coste     6.656    6.656
(  37, 75)  coste     5.128    5.128
(  37, 78)  coste     5.675    5.675
(  37, 80)  coste     11.365    11.365
(  37, 89)  coste     4.337    4.337
(  37, 95)  coste     6.756    6.756
(  37, 97)  coste     5.482    5.482
(  38, 78)  coste     6.918    6.918
(  38, 97)  coste     4.039    4.039
(  39, 40)  coste     5.235    5.235
(  39, 72)  coste     0.883    0.883
(  39, 76)  coste     8.256    8.256
(  39, 97)  coste     3.443    3.443
(  40, 42)  coste     8.691    8.691
(  40, 99)  coste     7.174    7.174
(  41, 44)  coste     2.180    2.180
(  41, 50)  coste     2.495    2.495
(  41, 66)  coste     6.391    6.391
(  41, 70)  coste     3.578    3.578
(  41, 89)  coste     6.010    6.010
(  41, 98)  coste     6.971    6.971
(  42, 51)  coste     5.662    5.662
(  42, 53)  coste     2.232    2.232
(  42, 75)  coste     10.031    10.031
(  43, 45)  coste     5.363    5.363
(  43, 52)  coste     10.015    10.015
(  43, 62)  coste     1.283    1.283
(  43, 76)  coste     6.424    6.424
(  43, 82)  coste     1.953    1.953
(  43, 83)  coste     12.616    12.616
(  44, 52)  coste     6.525    6.525
(  44, 57)  coste     5.217    5.217
(  44, 59)  coste     4.086    4.086
(  44, 60)  coste     7.589    7.589
(  44, 66)  coste     5.557    5.557
(  44, 75)  coste     5.277    5.277
(  44, 79)  coste     3.669    3.669
(  44, 97)  coste     5.333    5.333
(  45, 51)  coste     3.891    3.891
(  45, 77)  coste     3.432    3.432
(  45, 85)  coste     6.568    6.568
(  45, 88)  coste     8.802    8.802
(  45, 89)  coste     3.051    3.051
(  45, 98)  coste     8.010    8.010
(  46, 81)  coste     6.809    6.809
(  46, 84)  coste     1.903    1.903
(  47, 80)  coste     8.199    8.199
(  47, 82)  coste     3.838    3.838
(  47, 89)  coste     2.869    2.869
(  48, 97)  coste     6.569    6.569
(  49, 54)  coste     5.025    5.025
(  49, 64)  coste     6.544    6.544
(  49, 88)  coste     9.241    9.241
(  50, 58)  coste     6.821    6.821
(  50, 66)  coste     8.886    8.886
(  50, 72)  coste     3.528    3.528
(  51, 55)  coste     7.029    7.029
(  51, 57)  coste     12.405    12.405
(  51, 71)  coste     5.962    5.962
(  51, 72)  coste     9.239    9.239
(  51, 87)  coste     5.035    5.035
(  51, 92)  coste     9.529    9.529
(  51, 94)  coste     11.402    11.402
(  51, 97)  coste     5.083    5.083
(  52, 57)  coste     1.308    1.308
(  52, 58)  coste     5.319    5.319
(  52, 78)  coste     6.375    6.375
(  52, 86)  coste     5.623    5.623
(  52, 93)  coste     2.307    2.307
(  52, 94)  coste     11.199    11.199
(  53, 60)  coste     1.149    1.149
(  53, 69)  coste     7.505    7.505
(  53, 75)  coste     12.263    12.263
(  53, 79)  coste     4.255    4.255
(  53, 81)  coste     8.329    8.329
(  53, 83)  coste     11.130    11.130
(  53, 84)  coste     5.581    5.581
(  53, 92)  coste     7.959    7.959
(  53, 95)  coste     6.329    6.329
(  53, 97)  coste     1.653    1.653
(  54, 61)  coste     6.055    6.055
(  54, 94)  coste     3.605    3.605
(  54, 96)  coste     12.042    12.042
(  55, 60)  coste     4.270    4.270
(  55, 91)  coste     5.594    5.594
(  56, 83)  coste     6.323    6.323
(  56, 87)  coste     10.378    10.378
(  57, 63)  coste     3.529    3.529
(  57, 64)  coste     3.089    3.089
(  57, 70)  coste     7.961    7.961
(  57, 80)  coste     13.423    13.423
(  57, 89)  coste     6.395    6.395
(  57, 97)  coste     7.322    7.322
(  57, 98)  coste     11.354    11.354
(  58, 67)  coste     6.958    6.958
(  58, 74)  coste     5.154    5.154
(  58, 89)  coste     4.110    4.110
(  59, 71)  coste     5.082    5.082
(  59, 84)  coste     8.481    8.481
(  60, 66)  coste     7.022    7.022
(  60, 71)  coste     5.965    5.965
(  60, 75)  coste     12.866    12.866
(  60, 89)  coste     3.759    3.759
(  60, 99)  coste     6.044    6.044
(  61, 63)  coste     3.128    3.128
(  61, 74)  coste     4.192    4.192
(  61, 88)  coste     6.781    6.781
(  61, 90)  coste     6.029    6.029
(  61, 91)  coste     6.023    6.023
(  62, 75)  coste     11.600    11.600
(  62, 90)  coste     2.638    2.638
(  62, 93)  coste     8.991    8.991
(  63, 77)  coste     4.255    4.255
(  63, 83)  coste     7.438    7.438
(  63, 85)  coste     6.753    6.753
(  63, 95)  coste     5.285    5.285
(  64, 74)  coste     0.814    0.814
(  64, 88)  coste     3.403    3.403
(  64, 100)  coste     9.334    9.334
(  65, 77)  coste     5.542    5.542
(  65, 78)  coste     6.983    6.983
(  65, 91)  coste     10.438    10.438
(  66, 69)  coste     11.058    11.058
(  66, 79)  coste     7.808    7.808
(  66, 84)  coste     12.000    12.000
(  66, 86)  coste     6.459    6.459
(  66, 88)  coste     16.232    16.232
(  67, 89)  coste     6.318    6.318
(  68, 74)  coste     6.681    6.681
(  69, 80)  coste     13.707    13.707
(  69, 83)  coste     3.625    3.625
(  70, 73)  coste     8.113    8.113
(  70, 84)  coste     14.173    14.173
(  70, 93)  coste     6.962    6.962
(  71, 78)  coste     3.262    3.262
(  71, 89)  coste     6.288    6.288
(  71, 91)  coste     5.575    5.575
(  71, 99)  coste     7.243    7.243
(  72, 89)  coste     4.787    4.787
(  72, 96)  coste     6.272    6.272
(  73, 88)  coste     14.024    14.024
(  73, 100)  coste     9.345    9.345
(  74, 81)  coste     4.579    4.579
(  74, 83)  coste     1.040    1.040
(  74, 90)  coste     10.221    10.221
(  75, 83)  coste     9.307    9.307
(  76, 77)  coste     6.135    6.135
(  76, 79)  coste     6.551    6.551
(  77, 78)  coste     2.989    2.989
(  77, 80)  coste     13.511    13.511
(  77, 99)  coste     6.656    6.656
(  78, 80)  coste     16.500    16.500
(  78, 84)  coste     7.067    7.067
(  78, 89)  coste     9.472    9.472
(  78, 93)  coste     6.520    6.520
(  79, 83)  coste     6.875    6.875
(  79, 87)  coste     8.074    8.074
(  80, 84)  coste     10.311    10.311
(  80, 88)  coste     18.881    18.881
(  81, 99)  coste     7.676    7.676
(  82, 91)  coste     5.040    5.040
(  83, 92)  coste     3.171    3.171
(  83, 94)  coste     13.800    13.800
(  83, 99)  coste     10.477    10.477
(  83, 100)  coste     11.188    11.188
(  84, 91)  coste     3.586    3.586
(  85, 100)  coste     10.503    10.503
(  86, 87)  coste     8.473    8.473
(  86, 89)  coste     6.922    6.922
(  86, 98)  coste     7.039    7.039
(  87, 90)  coste     3.688    3.688
(  88, 89)  coste     11.853    11.853
(  88, 96)  coste     1.488    1.488
(  89, 91)  coste     5.151    5.151
(  89, 93)  coste     5.396    5.396
(  89, 94)  coste     4.816    4.816
(  89, 97)  coste     1.503    1.503
(  89, 99)  coste     2.285    2.285
(  90, 94)  coste     6.507    6.507
(  90, 97)  coste     1.418    1.418
(  90, 99)  coste     3.976    3.976
(  91, 93)  coste     9.975    9.975
(  91, 94)  coste     9.967    9.967
(  91, 99)  coste     7.436    7.436
(  91, 100)  coste     11.819    11.819
(  92, 99)  coste     7.306    7.306
(  93, 98)  coste     10.355    10.355
