NOMBRE : N100E500R70_04
COMENTARIO : Generated instance
VERTICES : 100
ARISTAS_REQ : 70
ARISTAS_NOREQ : 430
COORDS :
1 5.683 7.835
2 8.420 9.377
3 8.884 7.712
4 1.582 9.971
5 4.597 2.851
6 5.247 5.347
7 1.491 4.986
8 9.985 8.545
9 1.676 0.738
10 6.538 7.733
11 5.423 9.571
12 7.863 4.822
13 0.188 6.517
14 5.571 0.729
15 7.336 9.617
16 0.991 2.808
17 3.085 9.022
18 8.168 5.034
19 6.103 9.722
20 7.991 1.258
21 7.113 5.925
22 2.699 1.598
23 5.316 6.314
24 4.796 8.869
25 3.164 4.196
26 3.210 0.063
27 9.840 3.462
28 5.608 1.931
29 6.415 5.718
30 3.116 2.543
31 7.167 0.969
32 1.717 6.247
33 3.617 3.114
34 4.230 3.579
35 2.018 8.303
36 8.525 8.006
37 6.824 4.146
38 8.999 3.410
39 0.641 5.234
40 2.074 3.271
41 3.237 6.590
42 8.290 1.599
43 4.065 6.341
44 5.431 4.901
45 9.732 7.420
46 1.646 2.741
47 4.141 0.654
48 0.329 9.500
49 4.076 1.446
50 4.174 4.461
51 7.512 2.243
52 0.319 1.647
53 4.812 7.621
54 1.444 3.850
55 2.130 6.411
56 9.003 6.616
57 9.130 0.610
58 0.741 3.235
59 7.327 7.715
60 9.516 5.221
61 1.879 5.829
62 2.848 4.774
63 7.826 8.021
64 2.065 7.590
65 9.379 4.417
66 9.004 2.014
67 3.340 8.184
68 0.309 8.668
69 0.708 0.295
70 6.724 6.261
71 8.931 4.103
72 6.762 1.793
73 3.989 5.005
74 5.700 2.960
75 5.842 3.706
76 0.535 4.473
77 4.561 9.991
78 6.742 3.930
79 2.395 5.135
80 4.729 5.903
81 1.282 8.716
82 6.710 8.486
83 3.010 7.175
84 1.061 1.061
85 6.139 2.907
86 8.633 0.823
87 1.451 7.185
88 8.980 6.600
89 2.526 0.481
90 2.287 9.201
91 9.351 1.179
92 6.047 0.549
93 2.737 2.945
94 8.778 2.285
95 3.582 1.340
96 5.583 8.447
97 7.331 6.662
98 9.525 9.025
99 0.457 7.214
100 7.238 3.572
LISTA_ARISTAS_REQ :
(   1, 32)  coste     5.554    5.554
(   1, 35)  coste     4.133    4.133
(   1, 40)  coste     8.173    8.173
(   4, 46)  coste     7.294    7.294
(   5, 43)  coste     4.022    4.022
(   6, 35)  coste     6.185    6.185
(   6, 48)  coste     9.071    9.071
(   6, 96)  coste     3.436    3.436
(   9, 36)  coste     14.117    14.117
(  10, 17)  coste     4.742    4.742
(  10, 92)  coste     7.675    7.675
(  11, 13)  coste     8.289    8.289
(  12, 16)  coste     8.886    8.886
(  15, 63)  coste     2.086    2.086
(  16, 44)  coste     6.533    6.533
(  16, 87)  coste     4.837    4.837
(  17, 53)  coste     3.128    3.128
(  17, 54)  coste     6.813    6.813
(  18, 26)  coste     9.929    9.929
(  19, 76)  coste     10.817    10.817
(  20, 22)  coste     5.632    5.632
(  21, 71)  coste     3.640    3.640
(  23, 71)  coste     5.826    5.826
(  26, 37)  coste     7.697    7.697
(  28, 96)  coste     6.541    6.541
(  29, 76)  coste     7.125    7.125
(  29, 99)  coste     7.454    7.454
(  31, 54)  coste     8.604    8.604
(  31, 56)  coste     7.483    7.483
(  31, 58)  coste     8.692    8.692
(  31, 86)  coste     1.612    1.612
(  32, 41)  coste     1.863    1.863
(  34, 57)  coste     7.869    7.869
(  35, 53)  coste     3.476    3.476
(  35, 60)  coste     10.580    10.580
(  35, 63)  coste     6.090    6.090
(  37, 78)  coste     0.298    0.298
(  37, 95)  coste     6.048    6.048
(  38, 59)  coste     5.977    5.977
(  39, 52)  coste     3.909    3.909
(  40, 64)  coste     4.328    4.328
(  40, 89)  coste     3.242    3.242
(  42, 82)  coste     8.467    8.467
(  44, 75)  coste     1.606    1.606
(  45, 67)  coste     7.156    7.156
(  45, 84)  coste     15.030    15.030
(  47, 95)  coste     1.245    1.245
(  49, 59)  coste     9.520    9.520
(  50, 80)  coste     1.997    1.997
(  53, 83)  coste     2.248    2.248
(  56, 68)  coste     10.746    10.746
(  56, 85)  coste     6.573    6.573
(  57, 96)  coste     11.384    11.384
(  60, 62)  coste     7.115    7.115
(  64, 71)  coste     10.353    10.353
(  64, 72)  coste     10.494    10.494
(  65, 81)  coste     12.396    12.396
(  65, 82)  coste     6.738    6.738
(  65, 93)  coste     8.114    8.114
(  68, 70)  coste     8.822    8.822
(  68, 71)  coste     13.187    13.187
(  68, 95)  coste     10.601    10.601
(  69, 85)  coste     8.043    8.043
(  71, 94)  coste     1.971    1.971
(  73, 86)  coste     8.826    8.826
(  73, 96)  coste     5.036    5.036
(  78, 82)  coste     4.588    4.588
(  79, 97)  coste     6.463    6.463
(  81, 85)  coste     10.666    10.666
(  85, 97)  coste     4.947    4.947
LISTA_ARISTAS_NOREQ :
(   1,  3)  coste     3.324    3.324
(   1, 34)  coste     5.709    5.709
(   1, 36)  coste     3.013    3.013
(   1, 48)  coste     7.019    7.019
(   1, 79)  coste     5.988    5.988
(   2, 28)  coste     10.258    10.258
(   2, 42)  coste     7.908    7.908
(   2, 55)  coste     9.256    9.256
(   2, 56)  coste     3.344    3.344
(   2, 59)  coste     2.755    2.755
(   2, 65)  coste     5.919    5.919
(   2, 66)  coste     7.947    7.947
(   2, 71)  coste     5.785    5.785
(   2, 75)  coste     8.249    8.249
(   2, 79)  coste     10.267    10.267
(   2, 87)  coste     9.161    9.161
(   2, 90)  coste     6.309    6.309
(   2, 98)  coste     1.457    1.457
(   3,  9)  coste     14.182    14.182
(   3, 11)  coste     5.320    5.320
(   3, 17)  coste     7.109    7.109
(   3, 20)  coste     7.347    7.347
(   3, 27)  coste     5.206    5.206
(   3, 40)  coste     11.251    11.251
(   3, 56)  coste     1.215    1.215
(   3, 63)  coste     1.367    1.367
(   3, 72)  coste     8.041    8.041
(   3, 88)  coste     1.208    1.208
(   3, 89)  coste     13.589    13.589
(   4,  6)  coste     8.289    8.289
(   4, 21)  coste     9.577    9.577
(   4, 42)  coste     15.080    15.080
(   4, 43)  coste     6.113    6.113
(   4, 60)  coste     12.684    12.684
(   4, 80)  coste     7.215    7.215
(   4, 94)  coste     14.882    14.882
(   5,  7)  coste     5.241    5.241
(   5, 20)  coste     4.987    4.987
(   5, 23)  coste     4.182    4.182
(   5, 41)  coste     5.099    5.099
(   5, 48)  coste     10.917    10.917
(   5, 64)  coste     7.271    7.271
(   5, 68)  coste     10.105    10.105
(   5, 98)  coste     11.102    11.102
(   6, 16)  coste     6.795    6.795
(   6, 17)  coste     5.837    5.837
(   6, 18)  coste     3.234    3.234
(   6, 19)  coste     5.231    5.231
(   6, 21)  coste     2.444    2.444
(   6, 30)  coste     4.935    4.935
(   6, 33)  coste     3.863    3.863
(   6, 47)  coste     5.799    5.799
(   6, 50)  coste     1.959    1.959
(   6, 63)  coste     5.253    5.253
(   6, 69)  coste     9.591    9.591
(   6, 71)  coste     4.928    4.928
(   6, 82)  coste     4.602    4.602
(   6, 93)  coste     4.912    4.912
(   6, 94)  coste     6.593    6.593
(   7, 30)  coste     4.068    4.068
(   7, 41)  coste     3.350    3.350
(   7, 52)  coste     4.511    4.511
(   7, 69)  coste     5.474    5.474
(   7, 86)  coste     11.305    11.305
(   7, 89)  coste     5.540    5.540
(   7, 96)  coste     7.553    7.553
(   7, 98)  coste     12.073    12.073
(   8, 12)  coste     5.845    5.845
(   8, 15)  coste     3.721    3.721
(   8, 19)  coste     5.059    5.059
(   8, 25)  coste     11.170    11.170
(   8, 42)  coste     8.641    8.641
(   8, 43)  coste     8.124    8.124
(   8, 46)  coste     14.143    14.143
(   8, 48)  coste     10.611    10.611
(   8, 55)  coste     9.989    9.989
(   8, 82)  coste     3.334    3.334
(   8, 91)  coste     8.000    8.000
(   8, 94)  coste     7.467    7.467
(   8, 96)  coste     4.500    4.500
(   8, 97)  coste     4.537    4.537
(   9, 16)  coste     2.755    2.755
(   9, 33)  coste     4.317    4.317
(   9, 35)  coste     7.907    7.907
(   9, 52)  coste     2.266    2.266
(   9, 84)  coste     0.938    0.938
(  10, 21)  coste     2.383    2.383
(  10, 33)  coste     7.540    7.540
(  10, 36)  coste     2.260    2.260
(  10, 47)  coste     9.476    9.476
(  10, 51)  coste     6.464    6.464
(  10, 89)  coste     11.264    11.264
(  10, 94)  coste     7.688    7.688
(  11, 29)  coste     4.845    4.845
(  11, 48)  coste     5.165    5.165
(  11, 76)  coste     9.986    9.986
(  11, 78)  coste     6.960    6.960
(  11, 95)  coste     10.072    10.072
(  11, 97)  coste     4.817    4.817
(  12, 17)  coste     8.978    8.978
(  12, 24)  coste     7.114    7.114
(  12, 37)  coste     1.715    1.715
(  12, 59)  coste     3.429    3.429
(  12, 68)  coste     11.400    11.400
(  12, 75)  coste     3.137    3.137
(  12, 81)  coste     10.475    10.475
(  12, 82)  coste     4.817    4.817
(  13, 23)  coste     5.331    5.331
(  13, 32)  coste     1.799    1.799
(  13, 36)  coste     9.826    9.826
(  13, 39)  coste     1.736    1.736
(  13, 62)  coste     4.403    4.403
(  13, 68)  coste     2.272    2.272
(  13, 89)  coste     8.374    8.374
(  13, 90)  coste     4.783    4.783
(  14, 29)  coste     5.833    5.833
(  14, 33)  coste     4.339    4.339
(  14, 48)  coste     14.013    14.013
(  14, 49)  coste     2.212    2.212
(  14, 54)  coste     7.248    7.248
(  14, 73)  coste     5.858    5.858
(  14, 85)  coste     2.746    2.746
(  14, 92)  coste     0.656    0.656
(  14, 94)  coste     4.763    4.763
(  15, 27)  coste     8.659    8.659
(  15, 38)  coste     7.870    7.870
(  15, 54)  coste     11.659    11.659
(  15, 68)  coste     7.976    7.976
(  15, 75)  coste     7.405    7.405
(  15, 81)  coste     6.955    6.955
(  15, 86)  coste     10.091    10.091
(  15, 88)  coste     4.661    4.661
(  15, 91)  coste     10.453    10.453
(  16, 18)  coste     9.403    9.403
(  16, 47)  coste     5.304    5.304
(  16, 51)  coste     7.086    7.086
(  16, 79)  coste     3.731    3.731
(  17, 24)  coste     1.864    1.864
(  17, 25)  coste     4.905    4.905
(  17, 26)  coste     9.084    9.084
(  17, 28)  coste     9.614    9.614
(  17, 41)  coste     2.584    2.584
(  17, 64)  coste     2.452    2.452
(  17, 72)  coste     10.906    10.906
(  17, 83)  coste     1.922    1.922
(  18, 45)  coste     3.950    3.950
(  18, 48)  coste     12.305    12.305
(  18, 51)  coste     3.447    3.447
(  19, 25)  coste     8.465    8.465
(  19, 27)  coste     9.997    9.997
(  19, 79)  coste     8.295    8.295
(  19, 95)  coste     10.903    10.903
(  19, 98)  coste     4.119    4.119
(  20, 30)  coste     6.160    6.160
(  20, 34)  coste     6.082    6.082
(  20, 46)  coste     7.828    7.828
(  20, 48)  coste     15.904    15.904
(  20, 72)  coste     1.764    1.764
(  20, 76)  coste     10.671    10.671
(  20, 97)  coste     6.064    6.064
(  21, 32)  coste     5.718    5.718
(  21, 49)  coste     7.516    7.516
(  21, 58)  coste     9.062    9.062
(  21, 80)  coste     2.406    2.406
(  22, 24)  coste     9.368    9.368
(  22, 40)  coste     2.298    2.298
(  22, 68)  coste     9.460    9.460
(  22, 80)  coste     6.335    6.335
(  22, 81)  coste     8.535    8.535
(  23, 25)  coste     4.270    4.270
(  23, 29)  coste     1.695    1.695
(  23, 32)  coste     3.666    3.666
(  23, 64)  coste     4.527    4.527
(  23, 96)  coste     2.400    2.400
(  24, 28)  coste     7.750    7.750
(  24, 38)  coste     9.662    9.662
(  24, 86)  coste     11.883    11.883
(  25, 43)  coste     3.046    3.046
(  25, 59)  coste     7.682    7.682
(  26, 36)  coste     13.258    13.258
(  26, 42)  coste     6.616    6.616
(  26, 48)  coste     12.318    12.318
(  26, 52)  coste     4.475    4.475
(  26, 56)  coste     12.346    12.346
(  26, 67)  coste     8.251    8.251
(  26, 70)  coste     9.712    9.712
(  26, 87)  coste     8.881    8.881
(  27, 40)  coste     7.957    7.957
(  27, 42)  coste     3.413    3.413
(  27, 46)  coste     8.915    8.915
(  27, 61)  coste     10.328    10.328
(  27, 64)  coste     11.903    11.903
(  27, 99)  coste     13.135    13.135
(  27, 100)  coste     2.712    2.712
(  28, 33)  coste     3.174    3.174
(  28, 51)  coste     2.216    2.216
(  28, 52)  coste     5.573    5.573
(  28, 53)  coste     6.486    6.486
(  28, 66)  coste     3.479    3.479
(  28, 73)  coste     4.693    4.693
(  28, 83)  coste     7.842    7.842
(  28, 85)  coste     1.507    1.507
(  28, 89)  coste     4.532    4.532
(  28, 90)  coste     10.591    10.591
(  28, 95)  coste     2.617    2.617
(  29, 58)  coste     8.157    8.157
(  29, 63)  coste     3.714    3.714
(  29, 81)  coste     8.131    8.131
(  29, 100)  coste     2.969    2.969
(  30, 33)  coste     1.072    1.072
(  30, 41)  coste     4.168    4.168
(  30, 43)  coste     4.747    4.747
(  30, 52)  coste     3.693    3.693
(  30, 66)  coste     6.417    6.417
(  30, 68)  coste     8.932    8.932
(  30, 79)  coste     3.313    3.313
(  30, 80)  coste     4.973    4.973
(  30, 86)  coste     7.237    7.237
(  30, 91)  coste     7.599    7.599
(  31, 41)  coste     9.551    9.551
(  31, 44)  coste     5.668    5.668
(  31, 57)  coste     2.322    2.322
(  31, 79)  coste     8.938    8.938
(  31, 83)  coste     10.363    10.363
(  31, 84)  coste     6.198    6.198
(  31, 93)  coste     6.406    6.406
(  31, 94)  coste     2.927    2.927
(  32, 42)  coste     11.221    11.221
(  32, 49)  coste     7.160    7.160
(  32, 52)  coste     5.998    5.998
(  32, 53)  coste     4.469    4.469
(  32, 58)  coste     3.988    3.988
(  32, 75)  coste     6.666    6.666
(  32, 85)  coste     7.762    7.762
(  32, 97)  coste     6.029    6.029
(  33, 53)  coste     5.702    5.702
(  33, 60)  coste     8.006    8.006
(  33, 74)  coste     2.237    2.237
(  33, 81)  coste     7.937    7.937
(  33, 85)  coste     2.729    2.729
(  34, 39)  coste     5.244    5.244
(  34, 53)  coste     4.624    4.624
(  34, 89)  coste     4.802    4.802
(  34, 92)  coste     4.847    4.847
(  34, 94)  coste     5.842    5.842
(  34, 99)  coste     7.408    7.408
(  35, 38)  coste     11.874    11.874
(  35, 49)  coste     8.915    8.915
(  35, 52)  coste     8.355    8.355
(  35, 59)  coste     5.897    5.897
(  35, 65)  coste     11.247    11.247
(  35, 86)  coste     14.095    14.095
(  35, 93)  coste     6.077    6.077
(  35, 100)  coste     9.951    9.951
(  36, 50)  coste     7.896    7.896
(  36, 60)  coste     3.776    3.776
(  36, 70)  coste     3.546    3.546
(  36, 99)  coste     8.860    8.860
(  37, 46)  coste     6.583    6.583
(  37, 50)  coste     2.965    2.965
(  37, 54)  coste     5.676    5.676
(  37, 62)  coste     4.604    4.604
(  37, 76)  coste     6.616    6.616
(  37, 97)  coste     3.023    3.023
(  38, 39)  coste     10.182    10.182
(  38, 40)  coste     7.064    7.064
(  38, 43)  coste     7.865    7.865
(  38, 61)  coste     9.539    9.539
(  38, 70)  coste     5.126    5.126
(  38, 73)  coste     6.605    6.605
(  38, 76)  coste     9.527    9.527
(  38, 85)  coste     3.363    3.363
(  39, 50)  coste     4.306    4.306
(  39, 60)  coste     8.888    8.888
(  39, 78)  coste     7.405    7.405
(  39, 82)  coste     9.321    9.321
(  39, 93)  coste     4.385    4.385
(  39, 94)  coste     11.086    11.086
(  40, 41)  coste     4.482    4.482
(  40, 53)  coste     7.088    7.088
(  40, 67)  coste     6.179    6.179
(  40, 82)  coste     9.851    9.851
(  40, 98)  coste     13.205    13.205
(  41, 46)  coste     5.440    5.440
(  41, 69)  coste     8.824    8.824
(  41, 80)  coste     2.179    2.179
(  41, 81)  coste     4.081    4.081
(  41, 95)  coste     5.595    5.595
(  42, 60)  coste     4.848    4.848
(  42, 68)  coste     15.050    15.050
(  42, 71)  coste     3.145    3.145
(  42, 81)  coste     14.125    14.125
(  42, 93)  coste     6.899    6.899
(  42, 97)  coste     6.022    6.022
(  42, 98)  coste     8.661    8.661
(  43, 45)  coste     6.746    6.746
(  43, 59)  coste     4.636    4.636
(  43, 77)  coste     4.146    4.146
(  43, 87)  coste     3.458    3.458
(  43, 93)  coste     4.724    4.724
(  43, 95)  coste     5.484    5.484
(  43, 100)  coste     5.942    5.942
(  44, 45)  coste     6.820    6.820
(  44, 47)  coste     5.537    5.537
(  45, 76)  coste     12.144    12.144
(  45, 86)  coste     7.696    7.696
(  46, 56)  coste     11.232    11.232
(  46, 77)  coste     10.165    10.165
(  47, 65)  coste     9.001    9.001
(  47, 71)  coste     8.239    8.239
(  47, 74)  coste     3.865    3.865
(  47, 94)  coste     6.268    6.268
(  47, 98)  coste     13.755    13.755
(  47, 100)  coste     6.015    6.015
(  48, 69)  coste     9.584    9.584
(  48, 97)  coste     9.840    9.840
(  48, 98)  coste     9.671    9.671
(  49, 54)  coste     5.036    5.036
(  49, 72)  coste     3.033    3.033
(  49, 82)  coste     9.674    9.674
(  50, 55)  coste     3.994    3.994
(  50, 63)  coste     7.212    7.212
(  50, 64)  coste     5.238    5.238
(  50, 65)  coste     5.249    5.249
(  50, 74)  coste     3.027    3.027
(  50, 76)  coste     3.651    3.651
(  50, 89)  coste     5.628    5.628
(  50, 91)  coste     8.459    8.459
(  50, 98)  coste     9.915    9.915
(  51, 55)  coste     9.550    9.550
(  51, 70)  coste     4.806    4.806
(  51, 76)  coste     9.207    9.207
(  51, 84)  coste     7.633    7.633
(  51, 87)  coste     11.003    11.003
(  52, 69)  coste     1.741    1.741
(  52, 82)  coste     13.230    13.230
(  52, 85)  coste     7.080    7.080
(  52, 98)  coste     16.584    16.584
(  53, 73)  coste     3.439    3.439
(  53, 80)  coste     1.801    1.801
(  53, 92)  coste     8.307    8.307
(  54, 64)  coste     4.361    4.361
(  54, 75)  coste     4.542    4.542
(  54, 80)  coste     5.338    5.338
(  54, 87)  coste     3.342    3.342
(  54, 90)  coste     6.194    6.194
(  54, 91)  coste     10.578    10.578
(  54, 97)  coste     8.699    8.699
(  54, 99)  coste     4.351    4.351
(  55, 86)  coste     12.091    12.091
(  55, 100)  coste     7.947    7.947
(  56, 63)  coste     2.582    2.582
(  56, 67)  coste     7.231    7.231
(  56, 80)  coste     4.987    4.987
(  57, 63)  coste     8.715    8.715
(  57, 66)  coste     1.530    1.530
(  57, 69)  coste     8.737    8.737
(  57, 71)  coste     3.692    3.692
(  57, 72)  coste     3.551    3.551
(  57, 88)  coste     6.140    6.140
(  57, 91)  coste     0.790    0.790
(  58, 73)  coste     5.018    5.018
(  58, 83)  coste     6.209    6.209
(  58, 93)  coste     2.286    2.286
(  59, 62)  coste     7.420    7.420
(  59, 67)  coste     4.456    4.456
(  59, 78)  coste     4.370    4.370
(  59, 79)  coste     7.512    7.512
(  59, 96)  coste     2.476    2.476
(  61, 71)  coste     8.778    8.778
(  61, 84)  coste     5.586    5.586
(  61, 100)  coste     7.616    7.616
(  62, 73)  coste     1.372    1.372
(  62, 75)  coste     4.062    4.062
(  62, 98)  coste     10.928    10.928
(  63, 67)  coste     4.649    4.649
(  63, 76)  coste     10.839    10.839
(  63, 89)  coste     12.840    12.840
(  63, 95)  coste     10.925    10.925
(  63, 96)  coste     2.669    2.669
(  64, 68)  coste     2.834    2.834
(  64, 79)  coste     2.785    2.785
(  64, 92)  coste     11.023    11.023
(  65, 69)  coste     12.793    12.793
(  65, 72)  coste     5.241    5.241
(  65, 91)  coste     3.266    3.266
(  66, 67)  coste     11.834    11.834
(  67, 83)  coste     1.339    1.339
(  68, 84)  coste     8.359    8.359
(  68, 88)  coste     10.739    10.739
(  68, 91)  coste     16.531    16.531
(  68, 96)  coste     5.495    5.495
(  68, 100)  coste     12.025    12.025
(  69, 76)  coste     4.351    4.351
(  69, 77)  coste     13.549    13.549
(  70, 76)  coste     7.977    7.977
(  70, 94)  coste     6.030    6.030
(  70, 96)  coste     3.327    3.327
(  71, 97)  coste     4.159    4.159
(  72, 85)  coste     1.737    1.737
(  73, 77)  coste     5.558    5.558
(  73, 95)  coste     4.072    4.072
(  74, 100)  coste     2.150    2.150
(  75, 79)  coste     4.876    4.876
(  75, 88)  coste     6.032    6.032
(  75, 94)  coste     4.357    4.357
(  76, 80)  coste     5.624    5.624
(  77, 79)  coste     7.022    7.022
(  77, 97)  coste     6.099    6.099
(  77, 99)  coste     6.881    6.881
(  78, 81)  coste     10.246    10.246
(  78, 95)  coste     5.750    5.750
(  79, 95)  coste     4.982    4.982
(  80, 84)  coste     8.510    8.510
(  81, 96)  coste     4.570    4.570
(  81, 100)  coste     11.100    11.100
(  83, 86)  coste     11.975    11.975
(  83, 93)  coste     4.503    4.503
(  84, 90)  coste     9.366    9.366
(  85, 90)  coste     10.146    10.146
(  86, 92)  coste     2.860    2.860
(  86, 97)  coste     7.141    7.141
(  87, 94)  coste     12.227    12.227
(  87, 100)  coste     9.400    9.400
(  88, 89)  coste     12.573    12.573
(  90, 97)  coste     7.583    7.583
(  92, 100)  coste     4.214    4.214
(  93, 99)  coste     6.549    6.549
(  94, 100)  coste     2.827    2.827
(  96, 99)  coste     6.359    6.359
