NOMBRE : N20E50R20_03
COMENTARIO : Generated instance
VERTICES : 20
ARISTAS_REQ : 20
ARISTAS_NOREQ : 30
COORDS :
1 2.187 2.343
2 0.896 3.018
3 7.024 7.072
4 8.872 3.813
5 8.464 1.945
6 5.908 7.823
7 1.931 0.496
8 1.012 6.078
9 1.459 8.750
10 6.683 2.881
11 2.112 7.029
12 2.230 9.435
13 4.205 0.110
14 7.105 0.649
15 9.596 7.874
16 5.790 3.524
17 9.514 6.546
18 5.038 5.391
19 6.723 8.949
20 2.130 3.313
LISTA_ARISTAS_REQ :
(  5, 18)  coste     6.872    6.872
(  4, 17)  coste     3.374    3.374
(  11, 16)  coste     7.184    7.184
(  5,  8)  coste     11.584    11.584
(  18, 19)  coste     5.242    5.242
(  12, 17)  coste     10.173    10.173
(  12, 20)  coste     6.222    6.222
(  1, 18)  coste     5.899    5.899
(  2, 17)  coste     12.146    12.146
(  1,  4)  coste     8.155    8.155
(  5, 15)  coste     7.062    7.062
(  10, 13)  coste     5.248    5.248
(  7, 17)  coste     13.634    13.634
(  18, 20)  coste     4.986    4.986
(  5, 11)  coste     11.436    11.436
(  8, 14)  coste     11.522    11.522
(  4, 12)  coste     12.265    12.265
(  4,  6)  coste     6.974    6.974
(  9, 15)  coste     9.013    9.013
(  6, 12)  coste     5.291    5.291
LISTA_ARISTAS_NOREQ :
(  1, 20)  coste     1.027    1.027
(  20,  2)  coste     1.529    1.529
(  1,  7)  coste     2.104    2.104
(  7, 13)  coste     2.659    2.659
(  2,  8)  coste     3.176    3.176
(  8, 11)  coste     2.051    2.051
(  11,  9)  coste     2.374    2.374
(  9, 12)  coste     1.456    1.456
(  13, 14)  coste     3.438    3.438
(  14, 10)  coste     2.654    2.654
(  10, 16)  coste     1.535    1.535
(  16, 18)  coste     2.620    2.620
(  14,  5)  coste     2.655    2.655
(  5,  4)  coste     2.277    2.277
(  18,  6)  coste     3.302    3.302
(  6,  3)  coste     1.867    1.867
(  6, 19)  coste     1.940    1.940
(  3, 17)  coste     3.016    3.016
(  17, 15)  coste     1.410    1.410
(  1,  5)  coste     6.675    6.675
(  3, 11)  coste     4.955    4.955
(  5,  6)  coste     8.434    8.434
(  1, 12)  coste     7.135    7.135
(  17, 19)  coste     5.194    5.194
(  2,  4)  coste     8.771    8.771
(  6, 11)  coste     4.590    4.590
(  1, 19)  coste     11.141    11.141
(  3, 20)  coste     8.652    8.652
(  3, 13)  coste     9.781    9.781
(  14, 18)  coste     6.809    6.809
