NOMBRE : N20E50R20_04
COMENTARIO : Generated instance
VERTICES : 20
ARISTAS_REQ : 20
ARISTAS_NOREQ : 30
COORDS :
1 8.290 5.348
2 8.950 0.085
3 1.260 1.379
4 1.374 6.502
5 3.345 6.757
6 6.272 4.789
7 2.973 8.889
8 6.114 2.218
9 5.374 7.427
10 2.341 4.639
11 8.864 3.723
12 9.675 8.742
13 5.812 0.393
14 3.305 0.549
15 4.347 4.665
16 1.291 3.903
17 7.841 7.964
18 5.114 8.422
19 1.133 7.564
20 6.160 7.379
LISTA_ARISTAS_REQ :
(  6, 11)  coste     3.659    3.659
(  9, 13)  coste     7.472    7.472
(  1, 10)  coste     6.658    6.658
(  7, 17)  coste     5.793    5.793
(  1, 13)  coste     7.433    7.433
(  9, 12)  coste     5.616    5.616
(  8, 16)  coste     6.509    6.509
(  9, 16)  coste     7.607    7.607
(  2,  4)  coste     13.993    13.993
(  4,  7)  coste     3.986    3.986
(  2, 14)  coste     6.109    6.109
(  5,  9)  coste     2.699    2.699
(  15, 19)  coste     6.113    6.113
(  2, 20)  coste     10.083    10.083
(  11, 16)  coste     7.754    7.754
(  14, 19)  coste     9.188    9.188
(  18, 20)  coste     2.090    2.090
(  4, 11)  coste     10.270    10.270
(  3, 19)  coste     6.312    6.312
(  6, 19)  coste     7.915    7.915
LISTA_ARISTAS_NOREQ :
(  1, 11)  coste     2.200    2.200
(  1,  6)  coste     2.577    2.577
(  6, 15)  coste     2.050    2.050
(  15, 10)  coste     2.032    2.032
(  10, 16)  coste     1.786    1.786
(  16,  3)  coste     2.556    2.556
(  16,  4)  coste     2.682    2.682
(  4, 19)  coste     1.303    1.303
(  4,  5)  coste     2.226    2.226
(  5,  7)  coste     2.505    2.505
(  7, 18)  coste     2.608    2.608
(  18,  9)  coste     1.255    1.255
(  9, 20)  coste     0.835    0.835
(  20, 17)  coste     2.266    2.266
(  17, 12)  coste     2.612    2.612
(  6,  8)  coste     2.729    2.729
(  8, 13)  coste     2.127    2.127
(  13, 14)  coste     2.663    2.663
(  13,  2)  coste     3.445    3.445
(  13, 15)  coste     5.738    5.738
(  7, 11)  coste     11.058    11.058
(  3, 15)  coste     6.373    6.373
(  10, 14)  coste     5.054    5.054
(  3,  6)  coste     8.423    8.423
(  19, 20)  coste     5.213    5.213
(  5, 13)  coste     8.831    8.831
(  9, 15)  coste     3.790    3.790
(  3, 13)  coste     5.539    5.539
(  2,  8)  coste     4.969    4.969
(  8, 11)  coste     4.255    4.255
