NOMBRE : N20E50R20_01
COMENTARIO : Generated instance
VERTICES : 20
ARISTAS_REQ : 20
ARISTAS_NOREQ : 30
COORDS :
1 0.122 4.053
2 0.288 9.576
3 7.883 1.908
4 3.926 3.983
5 7.162 5.261
6 2.249 7.205
7 2.811 0.579
8 0.772 1.063
9 7.259 3.281
10 3.328 9.540
11 9.277 9.050
12 9.463 2.627
13 5.494 1.158
14 5.673 6.768
15 8.502 1.326
16 7.334 8.868
17 4.294 7.738
18 8.720 5.917
19 4.751 3.105
20 1.014 5.757
LISTA_ARISTAS_REQ :
(  10, 11)  coste     6.440    6.440
(  8,  9)  coste     8.705    8.705
(  7, 15)  coste     6.438    6.438
(  4,  8)  coste     6.075    6.075
(  12, 18)  coste     4.033    4.033
(  9, 11)  coste     7.787    7.787
(  3, 13)  coste     3.139    3.139
(  12, 20)  coste     11.579    11.579
(  7, 12)  coste     8.700    8.700
(  7,  9)  coste     7.150    7.150
(  4, 16)  coste     8.294    8.294
(  7, 11)  coste     14.937    14.937
(  12, 13)  coste     5.439    5.439
(  2, 15)  coste     16.464    16.464
(  5,  6)  coste     6.857    6.857
(  5,  7)  coste     9.032    9.032
(  5, 10)  coste     8.113    8.113
(  5, 13)  coste     5.771    5.771
(  10, 13)  coste     10.548    10.548
(  6, 12)  coste     11.792    11.792
LISTA_ARISTAS_NOREQ :
(  1, 20)  coste     2.597    2.597
(  20,  6)  coste     2.683    2.683
(  6, 17)  coste     2.578    2.578
(  17, 14)  coste     2.348    2.348
(  17, 10)  coste     2.768    2.768
(  14,  5)  coste     2.996    2.996
(  5,  9)  coste     2.077    2.077
(  9,  3)  coste     1.997    1.997
(  3, 15)  coste     1.201    1.201
(  5, 18)  coste     2.215    2.215
(  15, 12)  coste     2.262    2.262
(  9, 19)  coste     2.683    2.683
(  19,  4)  coste     1.704    1.704
(  19, 13)  coste     2.689    2.689
(  10,  2)  coste     3.076    3.076
(  13,  7)  coste     3.262    3.262
(  7,  8)  coste     2.523    2.523
(  18, 11)  coste     3.690    3.690
(  11, 16)  coste     2.124    2.124
(  1, 12)  coste     10.766    10.766
(  4,  5)  coste     4.513    4.513
(  3, 20)  coste     10.718    10.718
(  13, 16)  coste     9.551    9.551
(  1, 17)  coste     7.857    7.857
(  7, 14)  coste     9.051    9.051
(  1,  2)  coste     5.689    5.689
(  3,  8)  coste     7.957    7.957
(  7, 10)  coste     9.478    9.478
(  13, 17)  coste     7.780    7.780
(  8, 15)  coste     7.994    7.994
