NOMBRE : N20E50R20_05
COMENTARIO : Generated instance
VERTICES : 20
ARISTAS_REQ : 20
ARISTAS_NOREQ : 30
COORDS :
1 4.642 5.368
2 2.464 9.944
3 5.730 2.197
4 9.568 0.389
5 9.081 8.375
6 6.680 5.149
7 7.242 2.574
8 5.671 4.745
9 9.276 6.478
10 5.432 9.103
11 3.046 4.759
12 6.676 1.850
13 0.513 9.168
14 6.388 9.705
15 0.489 1.140
16 3.157 2.051
17 0.926 5.792
18 0.817 2.618
19 3.128 5.276
20 8.471 4.716
LISTA_ARISTAS_REQ :
(  7, 19)  coste     6.816    6.816
(  7,  8)  coste     3.742    3.742
(  13, 19)  coste     6.508    6.508
(  2, 18)  coste     8.973    8.973
(  8, 12)  coste     3.900    3.900
(  2,  3)  coste     11.013    11.013
(  5, 10)  coste     4.376    4.376
(  11, 15)  coste     6.175    6.175
(  8, 19)  coste     3.074    3.074
(  3, 14)  coste     8.166    8.166
(  3, 15)  coste     6.298    6.298
(  3,  5)  coste     9.529    9.529
(  1,  3)  coste     4.259    4.259
(  11, 16)  coste     2.818    2.818
(  10, 18)  coste     11.099    11.099
(  11, 20)  coste     5.467    5.467
(  2,  8)  coste     8.406    8.406
(  18, 19)  coste     4.969    4.969
(  10, 20)  coste     7.425    7.425
(  1,  5)  coste     7.446    7.446
LISTA_ARISTAS_NOREQ :
(  1, 19)  coste     1.606    1.606
(  19, 11)  coste     0.599    0.599
(  1,  8)  coste     1.652    1.652
(  8,  6)  coste     1.413    1.413
(  6, 20)  coste     2.223    2.223
(  20,  9)  coste     2.567    2.567
(  9,  5)  coste     2.092    2.092
(  8,  3)  coste     2.608    2.608
(  3, 12)  coste     1.292    1.292
(  12,  7)  coste     1.290    1.290
(  19, 17)  coste     2.718    2.718
(  3, 16)  coste     2.719    2.719
(  16, 18)  coste     2.907    2.907
(  18, 15)  coste     1.806    1.806
(  17, 13)  coste     3.790    3.790
(  13,  2)  coste     2.728    2.728
(  2, 10)  coste     3.809    3.809
(  10, 14)  coste     1.559    1.559
(  12,  4)  coste     4.354    4.354
(  5, 14)  coste     4.022    4.022
(  16, 19)  coste     3.254    3.254
(  1, 15)  coste     8.380    8.380
(  11, 17)  coste     3.154    3.154
(  9, 12)  coste     7.229    7.229
(  4, 15)  coste     9.831    9.831
(  3, 19)  coste     5.682    5.682
(  4,  8)  coste     8.254    8.254
(  9, 17)  coste     9.036    9.036
(  1,  9)  coste     5.744    5.744
(  1, 11)  coste     2.205    2.205
