NOMBRE : N500E2000R100_03
COMENTARIO : Generated instance
VERTICES : 500
ARISTAS_REQ : 100
ARISTAS_NOREQ : 1900
COORDS :
1 1.600 5.700
2 9.200 7.900
3 0.400 3.700
4 4.000 8.800
5 7.900 4.100
6 3.600 0.700
7 3.300 9.700
8 4.800 9.800
9 6.200 8.800
10 1.900 9.400
11 3.900 3.800
12 2.500 2.100
13 6.100 5.600
14 6.500 0.000
15 6.200 9.200
16 5.600 0.000
17 9.900 9.500
18 7.600 7.700
19 3.600 7.500
20 1.600 4.900
21 5.000 9.600
22 9.700 4.700
23 6.100 7.800
24 3.900 7.400
25 6.000 2.500
26 0.400 0.500
27 5.800 7.300
28 6.800 2.800
29 4.500 9.300
30 6.300 7.800
31 1.400 0.400
32 8.300 2.500
33 0.300 7.700
34 3.000 6.600
35 2.300 9.300
36 7.300 5.700
37 8.500 4.000
38 6.700 3.500
39 1.500 8.200
40 8.600 0.400
41 7.600 7.600
42 1.200 4.500
43 9.800 9.200
44 2.400 0.800
45 1.600 7.300
46 8.100 1.400
47 1.900 3.300
48 0.400 1.900
49 6.400 7.300
50 2.100 7.900
51 7.400 1.000
52 6.300 1.700
53 3.100 0.500
54 4.800 7.700
55 7.900 7.200
56 6.900 4.200
57 3.700 4.100
58 4.800 1.900
59 9.500 8.900
60 8.400 0.400
61 2.400 4.700
62 4.100 8.800
63 2.100 6.300
64 6.200 5.900
65 9.400 4.500
66 8.000 7.000
67 7.900 1.000
68 0.300 7.800
69 2.700 9.100
70 0.000 0.400
71 5.200 7.800
72 5.600 0.700
73 6.100 4.900
74 9.800 9.600
75 1.600 5.500
76 5.000 9.100
77 4.000 4.200
78 0.400 5.900
79 3.000 3.700
80 3.200 1.700
81 4.800 1.100
82 1.800 5.700
83 4.800 4.900
84 0.800 5.400
85 4.300 9.900
86 4.600 5.400
87 9.600 1.600
88 5.300 9.500
89 6.200 6.700
90 6.300 0.800
91 0.000 8.500
92 9.200 7.800
93 4.800 9.600
94 3.700 7.000
95 4.300 6.500
96 3.400 1.400
97 8.900 7.200
98 3.900 0.900
99 9.200 9.100
100 3.200 1.000
101 3.700 6.900
102 7.700 9.500
103 0.300 1.500
104 0.100 5.700
105 3.700 0.400
106 4.700 6.900
107 0.900 5.100
108 8.200 8.500
109 8.700 7.700
110 5.200 2.900
111 5.200 4.600
112 7.000 2.700
113 9.100 6.200
114 3.100 2.600
115 1.700 9.000
116 9.200 4.000
117 4.600 0.800
118 2.700 0.300
119 8.100 7.300
120 3.800 2.100
121 1.200 5.400
122 1.700 1.700
123 0.000 1.200
124 3.400 1.900
125 2.700 7.700
126 2.300 1.500
127 4.900 8.500
128 0.300 5.500
129 0.000 3.800
130 8.700 1.800
131 0.700 1.800
132 3.600 6.100
133 9.200 7.700
134 8.100 2.200
135 6.900 0.100
136 5.200 8.000
137 3.500 7.500
138 1.200 5.800
139 3.700 9.500
140 2.100 7.800
141 5.000 0.400
142 7.000 2.300
143 9.400 3.300
144 6.700 1.300
145 8.200 2.800
146 9.000 5.600
147 6.600 3.300
148 8.900 7.400
149 8.900 1.200
150 7.100 7.600
151 4.400 2.500
152 7.000 5.300
153 8.900 0.800
154 9.800 5.500
155 1.500 3.100
156 7.000 2.800
157 7.100 6.000
158 2.700 5.000
159 7.800 0.700
160 1.500 3.000
161 5.000 8.400
162 7.300 6.100
163 5.900 1.900
164 5.300 8.700
165 5.900 0.500
166 1.200 9.200
167 3.000 4.100
168 3.600 1.300
169 7.900 8.300
170 7.900 2.900
171 5.500 7.200
172 9.800 5.600
173 7.000 3.400
174 0.800 9.600
175 7.600 6.700
176 3.300 1.900
177 6.400 2.500
178 2.000 0.800
179 5.700 6.600
180 6.400 3.800
181 1.600 7.200
182 2.600 6.600
183 9.400 1.400
184 1.500 7.500
185 0.500 8.100
186 5.500 6.700
187 5.700 2.300
188 6.300 6.300
189 8.100 5.800
190 5.900 0.200
191 1.000 4.800
192 7.600 3.300
193 2.300 1.400
194 0.100 1.800
195 6.300 8.700
196 6.900 4.600
197 4.900 9.400
198 4.400 8.100
199 8.800 2.200
200 7.400 3.900
201 3.900 6.400
202 5.100 1.400
203 1.300 8.700
204 1.700 0.100
205 4.200 3.000
206 4.000 6.300
207 4.200 8.800
208 3.400 9.400
209 6.800 9.800
210 9.300 8.800
211 1.600 4.800
212 7.500 2.300
213 2.000 5.500
214 1.500 4.000
215 0.800 5.300
216 8.900 8.800
217 0.200 4.600
218 7.900 1.800
219 8.800 0.800
220 6.100 1.500
221 3.300 4.800
222 6.300 9.200
223 6.100 5.900
224 7.100 2.300
225 8.500 0.400
226 4.700 5.100
227 8.700 4.800
228 3.300 1.000
229 4.800 9.700
230 4.900 7.800
231 6.500 2.700
232 3.400 9.300
233 2.400 8.100
234 0.900 9.100
235 3.800 9.200
236 9.800 9.000
237 0.500 0.600
238 5.600 1.800
239 9.500 0.100
240 7.200 2.600
241 0.300 0.900
242 8.100 5.600
243 9.400 9.900
244 5.100 0.300
245 7.600 0.900
246 1.900 4.600
247 8.100 9.800
248 3.800 1.100
249 4.200 9.400
250 6.600 9.600
251 9.300 7.200
252 6.700 1.900
253 7.900 1.500
254 6.600 8.600
255 1.500 7.600
256 4.500 7.000
257 5.500 0.200
258 7.200 2.700
259 9.200 0.900
260 5.600 0.900
261 0.100 4.300
262 7.300 5.900
263 7.300 9.000
264 0.400 1.600
265 3.200 7.700
266 0.200 9.600
267 7.400 0.600
268 7.200 4.100
269 0.700 1.400
270 9.800 6.600
271 6.600 9.000
272 1.400 5.300
273 7.700 2.000
274 4.700 4.000
275 4.900 1.600
276 0.300 5.800
277 1.800 7.700
278 7.700 6.800
279 0.600 7.300
280 2.300 7.400
281 3.100 7.000
282 1.200 3.800
283 6.500 5.900
284 0.500 7.200
285 6.400 8.800
286 1.700 8.600
287 7.300 4.200
288 2.000 2.400
289 9.600 9.800
290 2.700 7.400
291 0.300 2.300
292 3.900 4.700
293 4.800 4.800
294 2.500 2.200
295 2.500 3.300
296 9.400 2.900
297 2.300 8.100
298 0.800 5.100
299 6.300 2.700
300 1.600 6.200
301 4.300 0.900
302 2.900 8.800
303 6.700 6.700
304 4.500 7.300
305 1.300 1.000
306 6.000 4.800
307 1.400 3.300
308 3.300 9.100
309 3.900 0.300
310 2.500 7.100
311 5.700 7.400
312 9.500 1.000
313 9.100 4.800
314 2.000 9.600
315 8.500 9.800
316 7.000 7.900
317 8.400 5.600
318 9.200 4.500
319 1.900 0.000
320 9.200 8.700
321 8.800 1.400
322 5.700 0.500
323 0.500 9.500
324 9.000 5.400
325 3.200 9.800
326 0.500 9.100
327 4.400 6.000
328 6.700 5.200
329 3.800 0.800
330 5.300 5.400
331 7.400 2.700
332 1.900 0.300
333 9.600 6.700
334 0.300 1.800
335 8.700 8.700
336 0.400 4.700
337 9.000 1.400
338 4.300 1.700
339 3.400 6.300
340 7.300 7.800
341 9.800 5.800
342 5.000 5.800
343 5.700 5.300
344 0.800 3.000
345 0.600 8.200
346 7.700 1.500
347 8.300 3.500
348 0.800 7.600
349 2.900 3.000
350 9.200 4.300
351 1.300 1.900
352 5.400 2.300
353 6.700 1.000
354 0.700 6.800
355 7.600 4.900
356 8.500 7.200
357 4.800 3.800
358 0.600 0.500
359 4.000 6.000
360 1.700 8.200
361 4.300 2.400
362 0.100 9.200
363 0.900 2.800
364 4.500 6.200
365 3.900 8.200
366 6.500 2.900
367 0.900 5.600
368 8.000 8.800
369 5.100 9.600
370 6.500 3.100
371 3.400 2.600
372 4.500 7.800
373 5.900 6.400
374 9.800 3.100
375 1.400 1.300
376 0.400 4.200
377 9.100 5.800
378 1.200 9.000
379 1.100 1.100
380 0.800 1.900
381 3.800 8.300
382 3.400 5.800
383 7.400 9.300
384 5.500 0.400
385 8.400 6.400
386 5.600 9.800
387 7.900 3.400
388 1.200 9.700
389 2.400 4.600
390 7.200 9.500
391 4.500 8.600
392 5.200 3.300
393 6.900 7.500
394 0.000 2.200
395 6.600 1.000
396 5.800 9.800
397 9.900 9.700
398 1.300 9.800
399 4.600 6.400
400 5.200 6.100
401 5.500 7.100
402 3.900 9.900
403 9.400 8.700
404 5.400 9.700
405 7.900 5.000
406 1.300 7.800
407 6.300 3.800
408 3.300 1.700
409 9.500 7.000
410 0.200 0.000
411 5.800 4.400
412 4.400 0.500
413 8.600 5.400
414 8.400 4.800
415 7.600 0.200
416 4.200 3.900
417 4.600 9.700
418 6.700 2.500
419 1.300 5.700
420 5.800 6.300
421 9.700 6.800
422 6.700 1.500
423 5.500 1.800
424 8.300 4.800
425 3.000 4.000
426 1.000 2.000
427 2.600 0.900
428 3.700 5.500
429 2.900 9.200
430 3.700 0.500
431 7.400 7.300
432 8.600 8.400
433 5.600 9.200
434 5.200 3.800
435 0.400 1.700
436 9.500 1.800
437 2.300 6.900
438 5.600 4.800
439 1.500 6.700
440 1.400 7.300
441 8.700 2.500
442 1.900 2.000
443 8.600 3.300
444 0.300 5.300
445 9.900 2.300
446 7.700 3.000
447 3.600 5.100
448 6.800 1.500
449 3.700 1.100
450 5.000 5.700
451 6.900 5.900
452 2.100 6.000
453 4.100 0.300
454 3.100 5.700
455 3.500 2.700
456 1.300 1.700
457 5.400 0.600
458 3.700 6.700
459 3.800 4.900
460 1.800 0.500
461 5.000 1.100
462 8.100 2.100
463 3.300 0.900
464 2.400 6.800
465 2.300 1.300
466 2.600 4.000
467 7.200 5.200
468 1.700 1.000
469 5.500 3.900
470 4.200 0.700
471 8.500 5.900
472 9.400 8.500
473 5.400 5.900
474 4.400 1.100
475 2.000 2.100
476 5.300 2.100
477 4.000 3.200
478 8.800 5.600
479 3.300 6.000
480 5.600 6.400
481 9.900 0.300
482 3.000 6.200
483 3.100 3.500
484 8.400 5.500
485 2.300 8.300
486 0.100 4.700
487 5.600 2.500
488 9.500 6.400
489 6.200 2.800
490 0.900 3.200
491 2.500 4.100
492 9.300 1.300
493 8.500 8.200
494 7.800 0.800
495 3.800 6.500
496 8.200 9.400
497 8.900 0.100
498 1.800 5.300
499 5.600 0.100
500 7.300 6.500
LISTA_ARISTAS_REQ :
(   1, 319)  coste     6.000    6.000
(   5, 327)  coste     5.400    5.400
(   6, 362)  coste     12.000    12.000
(   7, 442)  coste     9.100    9.100
(   8, 83)  coste     4.900    4.900
(  15, 175)  coste     3.900    3.900
(  15, 476)  coste     8.000    8.000
(  17, 61)  coste     12.300    12.300
(  28, 156)  coste     0.200    0.200
(  32, 318)  coste     2.900    2.900
(  36, 110)  coste     4.900    4.900
(  36, 347)  coste     3.200    3.200
(  40, 387)  coste     3.700    3.700
(  44, 157)  coste     9.900    9.900
(  44, 249)  coste     10.400    10.400
(  45, 95)  coste     3.500    3.500
(  46, 133)  coste     7.400    7.400
(  49, 160)  coste     9.200    9.200
(  52, 265)  coste     9.100    9.100
(  54, 168)  coste     7.600    7.600
(  55, 64)  coste     3.000    3.000
(  55, 356)  coste     0.600    0.600
(  58, 211)  coste     6.100    6.100
(  58, 256)  coste     5.400    5.400
(  60, 124)  coste     6.500    6.500
(  62, 347)  coste     9.500    9.500
(  63, 280)  coste     1.300    1.300
(  68, 225)  coste     15.600    15.600
(  73, 181)  coste     6.800    6.800
(  76, 97)  coste     5.800    5.800
(  85, 184)  coste     5.200    5.200
(  85, 187)  coste     9.000    9.000
(  86, 362)  coste     8.300    8.300
(  90, 421)  coste     9.400    9.400
(  97, 326)  coste     10.300    10.300
(  113, 428)  coste     6.100    6.100
(  115, 240)  coste     11.900    11.900
(  118, 486)  coste     7.000    7.000
(  121, 381)  coste     5.500    5.500
(  126, 252)  coste     4.800    4.800
(  131, 468)  coste     1.800    1.800
(  140, 249)  coste     3.700    3.700
(  141, 457)  coste     0.600    0.600
(  143, 336)  coste     10.400    10.400
(  149, 447)  coste     9.200    9.200
(  150, 212)  coste     5.700    5.700
(  150, 241)  coste     13.500    13.500
(  160, 218)  coste     7.600    7.600
(  165, 495)  coste     8.100    8.100
(  173, 384)  coste     4.500    4.500
(  175, 190)  coste     8.200    8.200
(  181, 383)  coste     7.900    7.900
(  182, 280)  coste     1.100    1.100
(  182, 384)  coste     9.100    9.100
(  182, 450)  coste     3.300    3.300
(  185, 269)  coste     6.900    6.900
(  186, 262)  coste     2.600    2.600
(  201, 380)  coste     7.600    7.600
(  202, 423)  coste     0.800    0.800
(  205, 390)  coste     9.500    9.500
(  213, 423)  coste     7.200    7.200
(  213, 458)  coste     2.900    2.900
(  219, 475)  coste     8.100    8.100
(  219, 493)  coste     7.700    7.700
(  224, 386)  coste     9.000    9.000
(  224, 437)  coste     9.400    9.400
(  226, 343)  coste     1.200    1.200
(  229, 401)  coste     3.300    3.300
(  233, 373)  coste     5.200    5.200
(  240, 243)  coste     9.500    9.500
(  240, 342)  coste     5.400    5.400
(  243, 466)  coste     12.700    12.700
(  248, 394)  coste     4.900    4.900
(  257, 300)  coste     9.900    9.900
(  264, 323)  coste     8.000    8.000
(  266, 448)  coste     14.700    14.700
(  271, 416)  coste     7.500    7.500
(  280, 348)  coste     1.700    1.700
(  283, 329)  coste     7.800    7.800
(  287, 482)  coste     6.300    6.300
(  290, 453)  coste     8.500    8.500
(  296, 427)  coste     8.800    8.800
(  305, 353)  coste     5.400    5.400
(  307, 467)  coste     7.700    7.700
(  319, 443)  coste     10.000    10.000
(  327, 478)  coste     4.800    4.800
(  336, 403)  coste     13.000    13.000
(  338, 367)  coste     7.300    7.300
(  342, 346)  coste     7.000    7.000
(  344, 377)  coste     11.100    11.100
(  373, 383)  coste     4.400    4.400
(  376, 410)  coste     4.400    4.400
(  380, 458)  coste     7.700    7.700
(  392, 497)  coste     6.900    6.900
(  407, 490)  coste     6.000    6.000
(  416, 454)  coste     2.900    2.900
(  429, 464)  coste     2.900    2.900
(  435, 465)  coste     2.300    2.300
(  443, 465)  coste     8.300    8.300
(  473, 481)  coste     10.100    10.100
LISTA_ARISTAS_NOREQ :
(   1, 20)  coste     0.800    0.800
(   1, 56)  coste     6.800    6.800
(   1, 157)  coste     5.800    5.800
(   1, 160)  coste     2.800    2.800
(   1, 187)  coste     7.500    7.500
(   1, 215)  coste     1.200    1.200
(   1, 216)  coste     10.400    10.400
(   1, 461)  coste     8.000    8.000
(   2, 22)  coste     3.700    3.700
(   2, 77)  coste     8.900    8.900
(   2, 78)  coste     10.800    10.800
(   2, 187)  coste     9.100    9.100
(   2, 225)  coste     8.200    8.200
(   2, 231)  coste     7.900    7.900
(   2, 256)  coste     5.600    5.600
(   2, 260)  coste     10.600    10.600
(   2, 304)  coste     5.300    5.300
(   2, 423)  coste     9.800    9.800
(   2, 490)  coste     13.000    13.000
(   3, 27)  coste     9.000    9.000
(   3, 47)  coste     1.900    1.900
(   3, 83)  coste     5.600    5.600
(   3, 161)  coste     9.300    9.300
(   3, 227)  coste     9.400    9.400
(   3, 241)  coste     2.900    2.900
(   3, 263)  coste     12.200    12.200
(   3, 305)  coste     3.600    3.600
(   3, 343)  coste     6.900    6.900
(   3, 353)  coste     9.000    9.000
(   3, 399)  coste     6.900    6.900
(   3, 480)  coste     7.900    7.900
(   3, 491)  coste     2.500    2.500
(   3, 499)  coste     8.800    8.800
(   4, 139)  coste     1.000    1.000
(   4, 289)  coste     6.600    6.600
(   4, 299)  coste     8.400    8.400
(   4, 320)  coste     5.300    5.300
(   5, 105)  coste     7.900    7.900
(   5, 118)  coste     9.000    9.000
(   5, 166)  coste     11.800    11.800
(   5, 182)  coste     7.800    7.800
(   5, 286)  coste     10.700    10.700
(   5, 306)  coste     2.600    2.600
(   5, 315)  coste     6.300    6.300
(   5, 357)  coste     3.400    3.400
(   5, 494)  coste     3.400    3.400
(   5, 497)  coste     5.000    5.000
(   6, 145)  coste     6.700    6.700
(   6, 283)  coste     8.100    8.100
(   6, 412)  coste     1.000    1.000
(   6, 428)  coste     4.900    4.900
(   6, 481)  coste     6.700    6.700
(   7,  9)  coste     3.800    3.800
(   7, 39)  coste     3.300    3.300
(   7, 63)  coste     4.600    4.600
(   7, 98)  coste     9.400    9.400
(   7, 145)  coste     11.800    11.800
(   7, 256)  coste     3.900    3.900
(   7, 321)  coste     13.800    13.800
(   7, 325)  coste     0.200    0.200
(   7, 403)  coste     7.100    7.100
(   7, 431)  coste     6.500    6.500
(   7, 438)  coste     7.200    7.200
(   7, 440)  coste     4.300    4.300
(   7, 492)  coste     14.400    14.400
(   8, 94)  coste     3.900    3.900
(   8, 162)  coste     6.200    6.200
(   8, 167)  coste     7.500    7.500
(   8, 181)  coste     5.800    5.800
(   8, 188)  coste     5.000    5.000
(   8, 309)  coste     10.400    10.400
(   8, 383)  coste     3.100    3.100
(   9, 96)  coste     10.200    10.200
(   9, 110)  coste     6.900    6.900
(   9, 185)  coste     6.400    6.400
(   9, 188)  coste     2.600    2.600
(   9, 426)  coste     12.000    12.000
(   9, 470)  coste     10.100    10.100
(  10, 31)  coste     9.500    9.500
(  10, 94)  coste     4.200    4.200
(  10, 163)  coste     11.500    11.500
(  10, 255)  coste     2.200    2.200
(  10, 273)  coste     13.200    13.200
(  10, 308)  coste     1.700    1.700
(  10, 361)  coste     9.400    9.400
(  10, 368)  coste     6.700    6.700
(  10, 459)  coste     6.400    6.400
(  10, 477)  coste     8.300    8.300
(  10, 482)  coste     4.300    4.300
(  11, 54)  coste     4.800    4.800
(  11, 117)  coste     3.700    3.700
(  11, 172)  coste     7.700    7.700
(  11, 179)  coste     4.600    4.600
(  11, 263)  coste     8.600    8.600
(  11, 346)  coste     6.100    6.100
(  11, 428)  coste     1.900    1.900
(  11, 453)  coste     3.700    3.700
(  11, 469)  coste     1.700    1.700
(  11, 470)  coste     3.400    3.400
(  11, 492)  coste     7.900    7.900
(  12, 20)  coste     3.700    3.700
(  12, 78)  coste     5.900    5.900
(  12, 85)  coste     9.600    9.600
(  12, 124)  coste     1.100    1.100
(  12, 164)  coste     9.400    9.400
(  12, 252)  coste     4.400    4.400
(  12, 333)  coste     11.700    11.700
(  13, 121)  coste     5.100    5.100
(  13, 170)  coste     4.500    4.500
(  13, 189)  coste     2.200    2.200
(  13, 290)  coste     5.200    5.200
(  13, 346)  coste     5.700    5.700
(  14, 71)  coste     9.100    9.100
(  14, 99)  coste     11.800    11.800
(  15, 33)  coste     7.400    7.400
(  15, 40)  coste     11.200    11.200
(  15, 118)  coste     12.400    12.400
(  15, 238)  coste     8.000    8.000
(  15, 259)  coste     11.300    11.300
(  15, 261)  coste     11.000    11.000
(  15, 353)  coste     8.700    8.700
(  15, 367)  coste     8.900    8.900
(  15, 477)  coste     8.200    8.200
(  16, 72)  coste     0.700    0.700
(  16, 177)  coste     3.300    3.300
(  16, 182)  coste     9.600    9.600
(  16, 184)  coste     11.600    11.600
(  16, 247)  coste     12.300    12.300
(  16, 387)  coste     5.700    5.700
(  16, 424)  coste     7.500    7.500
(  17, 46)  coste     9.900    9.900
(  17, 152)  coste     7.100    7.100
(  17, 219)  coste     9.800    9.800
(  17, 295)  coste     13.600    13.600
(  17, 340)  coste     4.300    4.300
(  17, 377)  coste     4.500    4.500
(  17, 494)  coste     10.800    10.800
(  18, 258)  coste     5.400    5.400
(  18, 272)  coste     8.600    8.600
(  18, 357)  coste     6.700    6.700
(  18, 395)  coste     7.700    7.700
(  18, 417)  coste     5.000    5.000
(  19, 134)  coste     9.800    9.800
(  19, 152)  coste     5.600    5.600
(  19, 196)  coste     6.200    6.200
(  19, 232)  coste     2.000    2.000
(  19, 295)  coste     5.300    5.300
(  20, 62)  coste     6.400    6.400
(  20, 91)  coste     5.200    5.200
(  20, 115)  coste     4.200    4.200
(  20, 136)  coste     6.700    6.700
(  20, 182)  coste     2.700    2.700
(  20, 191)  coste     0.700    0.700
(  20, 270)  coste     9.900    9.900
(  20, 311)  coste     6.600    6.600
(  21, 83)  coste     4.900    4.900
(  21, 87)  coste     12.600    12.600
(  21, 107)  coste     8.600    8.600
(  21, 166)  coste     4.200    4.200
(  21, 178)  coste     11.800    11.800
(  21, 186)  coste     3.400    3.400
(  21, 213)  coste     7.100    7.100
(  21, 249)  coste     1.000    1.000
(  21, 356)  coste     5.900    5.900
(  22, 27)  coste     6.500    6.500
(  22, 160)  coste     9.900    9.900
(  22, 171)  coste     6.700    6.700
(  22, 201)  coste     7.500    7.500
(  22, 372)  coste     8.300    8.300
(  22, 409)  coste     2.500    2.500
(  22, 412)  coste     9.500    9.500
(  22, 427)  coste     10.900    10.900
(  22, 489)  coste     5.400    5.400
(  23, 143)  coste     7.800    7.800
(  23, 352)  coste     6.200    6.200
(  23, 362)  coste     7.400    7.400
(  23, 437)  coste     4.700    4.700
(  24, 92)  coste     5.700    5.700
(  24, 151)  coste     5.400    5.400
(  24, 265)  coste     1.000    1.000
(  24, 266)  coste     5.900    5.900
(  24, 382)  coste     2.100    2.100
(  24, 443)  coste     8.800    8.800
(  25, 28)  coste     1.100    1.100
(  25, 110)  coste     1.200    1.200
(  25, 157)  coste     4.600    4.600
(  25, 181)  coste     9.100    9.100
(  25, 193)  coste     4.800    4.800
(  25, 237)  coste     7.400    7.400
(  25, 285)  coste     6.700    6.700
(  25, 359)  coste     5.500    5.500
(  25, 391)  coste     7.600    7.600
(  25, 474)  coste     3.000    3.000
(  26, 34)  coste     8.700    8.700
(  26, 49)  coste     12.800    12.800
(  26, 130)  coste     9.600    9.600
(  26, 148)  coste     15.400    15.400
(  26, 496)  coste     16.700    16.700
(  27, 104)  coste     7.300    7.300
(  27, 212)  coste     6.700    6.700
(  27, 268)  coste     4.600    4.600
(  27, 309)  coste     8.900    8.900
(  27, 427)  coste     9.600    9.600
(  28, 91)  coste     12.500    12.500
(  28, 130)  coste     2.900    2.900
(  28, 177)  coste     0.700    0.700
(  28, 186)  coste     5.200    5.200
(  28, 228)  coste     5.300    5.300
(  28, 256)  coste     6.500    6.500
(  28, 268)  coste     1.700    1.700
(  28, 273)  coste     1.700    1.700
(  28, 313)  coste     4.300    4.300
(  28, 317)  coste     4.400    4.400
(  28, 425)  coste     5.000    5.000
(  28, 485)  coste     10.000    10.000
(  29, 176)  coste     8.600    8.600
(  29, 267)  coste     11.600    11.600
(  29, 294)  coste     9.100    9.100
(  29, 452)  coste     5.700    5.700
(  30, 83)  coste     4.400    4.400
(  30, 163)  coste     6.300    6.300
(  30, 215)  coste     8.000    8.000
(  30, 338)  coste     8.100    8.100
(  30, 414)  coste     5.100    5.100
(  31, 94)  coste     8.900    8.900
(  31, 120)  coste     4.100    4.100
(  31, 153)  coste     7.900    7.900
(  31, 191)  coste     4.800    4.800
(  31, 279)  coste     7.700    7.700
(  31, 307)  coste     2.900    2.900
(  31, 353)  coste     5.900    5.900
(  31, 370)  coste     7.800    7.800
(  31, 430)  coste     2.400    2.400
(  32, 89)  coste     6.300    6.300
(  32, 124)  coste     5.500    5.500
(  32, 169)  coste     6.200    6.200
(  32, 195)  coste     8.200    8.200
(  32, 337)  coste     1.800    1.800
(  32, 360)  coste     12.300    12.300
(  32, 371)  coste     5.000    5.000
(  32, 407)  coste     3.300    3.300
(  32, 410)  coste     10.600    10.600
(  32, 433)  coste     9.400    9.400
(  33, 72)  coste     12.300    12.300
(  33, 90)  coste     12.900    12.900
(  33, 189)  coste     9.700    9.700
(  33, 411)  coste     8.800    8.800
(  33, 429)  coste     4.100    4.100
(  33, 462)  coste     13.400    13.400
(  34, 77)  coste     3.400    3.400
(  34, 99)  coste     8.700    8.700
(  34, 170)  coste     8.600    8.600
(  34, 174)  coste     5.200    5.200
(  34, 175)  coste     4.700    4.700
(  34, 213)  coste     2.100    2.100
(  34, 283)  coste     4.200    4.200
(  34, 330)  coste     3.500    3.500
(  34, 336)  coste     4.500    4.500
(  34, 357)  coste     4.600    4.600
(  34, 404)  coste     5.500    5.500
(  34, 475)  coste     5.500    5.500
(  35, 39)  coste     1.900    1.900
(  35, 160)  coste     7.100    7.100
(  35, 195)  coste     4.600    4.600
(  35, 260)  coste     11.700    11.700
(  35, 451)  coste     8.000    8.000
(  35, 473)  coste     6.500    6.500
(  36, 69)  coste     8.000    8.000
(  36, 122)  coste     9.600    9.600
(  36, 174)  coste     10.400    10.400
(  36, 198)  coste     5.300    5.300
(  36, 215)  coste     6.900    6.900
(  36, 478)  coste     1.600    1.600
(  37, 81)  coste     6.600    6.600
(  37, 93)  coste     9.300    9.300
(  37, 184)  coste     10.500    10.500
(  37, 213)  coste     8.000    8.000
(  37, 220)  coste     4.900    4.900
(  37, 236)  coste     6.300    6.300
(  37, 451)  coste     3.500    3.500
(  37, 455)  coste     6.300    6.300
(  38, 125)  coste     8.200    8.200
(  38, 157)  coste     2.900    2.900
(  38, 169)  coste     6.000    6.000
(  38, 216)  coste     7.500    7.500
(  38, 399)  coste     5.000    5.000
(  38, 404)  coste     7.500    7.500
(  38, 431)  coste     4.500    4.500
(  38, 432)  coste     6.800    6.800
(  38, 463)  coste     6.000    6.000
(  38, 476)  coste     2.800    2.800
(  38, 492)  coste     4.800    4.800
(  39, 118)  coste     9.100    9.100
(  39, 294)  coste     7.000    7.000
(  39, 447)  coste     5.200    5.200
(  39, 478)  coste     9.900    9.900
(  40, 71)  coste     10.800    10.800
(  40, 282)  coste     10.800    10.800
(  40, 382)  coste     10.600    10.600
(  40, 412)  coste     4.300    4.300
(  40, 427)  coste     6.500    6.500
(  40, 451)  coste     7.200    7.200
(  40, 469)  coste     6.600    6.600
(  40, 479)  coste     10.900    10.900
(  40, 484)  coste     5.300    5.300
(  41, 72)  coste     8.900    8.900
(  41, 232)  coste     5.900    5.900
(  41, 326)  coste     8.600    8.600
(  41, 380)  coste     12.500    12.500
(  41, 438)  coste     4.800    4.800
(  41, 461)  coste     9.100    9.100
(  41, 481)  coste     9.600    9.600
(  42, 112)  coste     7.600    7.600
(  42, 302)  coste     6.000    6.000
(  42, 323)  coste     5.700    5.700
(  42, 396)  coste     9.900    9.900
(  42, 422)  coste     8.500    8.500
(  43, 157)  coste     5.900    5.900
(  43, 209)  coste     3.600    3.600
(  43, 420)  coste     6.900    6.900
(  43, 475)  coste     14.900    14.900
(  44, 49)  coste     10.500    10.500
(  44, 159)  coste     5.500    5.500
(  44, 161)  coste     10.200    10.200
(  44, 308)  coste     9.200    9.200
(  44, 313)  coste     10.700    10.700
(  44, 351)  coste     2.200    2.200
(  44, 418)  coste     6.000    6.000
(  45, 52)  coste     10.300    10.300
(  45, 139)  coste     4.300    4.300
(  45, 182)  coste     1.700    1.700
(  45, 320)  coste     9.000    9.000
(  45, 388)  coste     2.800    2.800
(  46, 91)  coste     15.200    15.200
(  46, 97)  coste     6.600    6.600
(  46, 169)  coste     7.100    7.100
(  46, 234)  coste     14.900    14.900
(  46, 266)  coste     16.100    16.100
(  46, 310)  coste     11.300    11.300
(  46, 346)  coste     0.500    0.500
(  47, 115)  coste     5.900    5.900
(  47, 148)  coste     11.100    11.100
(  47, 313)  coste     8.700    8.700
(  47, 394)  coste     3.000    3.000
(  47, 410)  coste     5.000    5.000
(  48, 94)  coste     8.400    8.400
(  48, 107)  coste     3.700    3.700
(  48, 152)  coste     10.000    10.000
(  48, 246)  coste     4.200    4.200
(  48, 250)  coste     13.900    13.900
(  48, 475)  coste     1.800    1.800
(  49, 70)  coste     13.300    13.300
(  49, 131)  coste     11.200    11.200
(  49, 144)  coste     6.300    6.300
(  49, 165)  coste     7.300    7.300
(  49, 169)  coste     2.500    2.500
(  49, 281)  coste     3.600    3.600
(  49, 378)  coste     6.900    6.900
(  49, 473)  coste     2.400    2.400
(  49, 485)  coste     5.100    5.100
(  49, 487)  coste     5.600    5.600
(  50, 67)  coste     12.700    12.700
(  50, 80)  coste     7.300    7.300
(  50, 185)  coste     1.800    1.800
(  50, 191)  coste     4.200    4.200
(  50, 213)  coste     2.500    2.500
(  50, 220)  coste     10.400    10.400
(  50, 251)  coste     7.900    7.900
(  50, 323)  coste     3.200    3.200
(  50, 337)  coste     13.400    13.400
(  50, 467)  coste     7.800    7.800
(  50, 488)  coste     8.900    8.900
(  51, 99)  coste     9.900    9.900
(  51, 131)  coste     7.500    7.500
(  51, 223)  coste     6.200    6.200
(  51, 236)  coste     10.400    10.400
(  51, 295)  coste     7.200    7.200
(  51, 411)  coste     5.000    5.000
(  51, 458)  coste     9.400    9.400
(  51, 472)  coste     9.500    9.500
(  51, 483)  coste     6.800    6.800
(  52, 66)  coste     7.000    7.000
(  52, 176)  coste     3.200    3.200
(  52, 340)  coste     7.100    7.100
(  53, 62)  coste     9.300    9.300
(  53, 74)  coste     15.800    15.800
(  53, 76)  coste     10.500    10.500
(  53, 102)  coste     13.600    13.600
(  53, 167)  coste     3.700    3.700
(  53, 255)  coste     8.700    8.700
(  53, 370)  coste     6.000    6.000
(  53, 422)  coste     4.600    4.600
(  53, 461)  coste     2.500    2.500
(  54, 134)  coste     8.800    8.800
(  54, 144)  coste     8.300    8.300
(  54, 214)  coste     7.000    7.000
(  54, 216)  coste     5.200    5.200
(  54, 218)  coste     9.000    9.000
(  54, 230)  coste     0.200    0.200
(  54, 239)  coste     12.300    12.300
(  54, 498)  coste     5.400    5.400
(  55, 113)  coste     2.200    2.200
(  55, 221)  coste     7.000    7.000
(  55, 484)  coste     2.200    2.200
(  56, 86)  coste     3.500    3.500
(  56, 203)  coste     10.100    10.100
(  56, 352)  coste     3.400    3.400
(  56, 383)  coste     5.600    5.600
(  56, 387)  coste     1.800    1.800
(  57, 294)  coste     3.100    3.100
(  57, 303)  coste     5.600    5.600
(  57, 314)  coste     7.200    7.200
(  57, 382)  coste     2.000    2.000
(  57, 419)  coste     4.000    4.000
(  57, 444)  coste     4.600    4.600
(  58, 138)  coste     7.500    7.500
(  58, 153)  coste     5.200    5.200
(  58, 215)  coste     7.400    7.400
(  58, 268)  coste     4.600    4.600
(  58, 311)  coste     6.400    6.400
(  58, 346)  coste     3.300    3.300
(  58, 353)  coste     2.800    2.800
(  58, 373)  coste     5.600    5.600
(  58, 378)  coste     10.700    10.700
(  58, 457)  coste     1.900    1.900
(  58, 467)  coste     5.700    5.700
(  59, 155)  coste     13.800    13.800
(  59, 223)  coste     6.400    6.400
(  59, 375)  coste     15.700    15.700
(  59, 410)  coste     18.200    18.200
(  59, 420)  coste     6.300    6.300
(  59, 427)  coste     14.900    14.900
(  59, 461)  coste     12.300    12.300
(  60, 113)  coste     6.500    6.500
(  60, 147)  coste     4.700    4.700
(  60, 176)  coste     6.600    6.600
(  60, 205)  coste     6.800    6.800
(  60, 277)  coste     13.900    13.900
(  60, 349)  coste     8.100    8.100
(  60, 377)  coste     6.100    6.100
(  60, 434)  coste     6.600    6.600
(  61, 101)  coste     3.500    3.500
(  61, 185)  coste     5.300    5.300
(  61, 241)  coste     5.900    5.900
(  61, 315)  coste     11.200    11.200
(  61, 324)  coste     7.300    7.300
(  61, 380)  coste     4.400    4.400
(  61, 411)  coste     3.700    3.700
(  62, 102)  coste     4.300    4.300
(  62, 172)  coste     8.900    8.900
(  62, 176)  coste     7.700    7.700
(  62, 223)  coste     4.900    4.900
(  62, 233)  coste     2.400    2.400
(  62, 244)  coste     9.500    9.500
(  62, 246)  coste     6.400    6.400
(  62, 251)  coste     6.800    6.800
(  62, 264)  coste     10.900    10.900
(  62, 266)  coste     4.700    4.700
(  62, 368)  coste     3.900    3.900
(  63, 82)  coste     0.900    0.900
(  63, 245)  coste     10.900    10.900
(  63, 267)  coste     11.000    11.000
(  63, 357)  coste     5.200    5.200
(  63, 371)  coste     5.000    5.000
(  63, 395)  coste     9.800    9.800
(  63, 463)  coste     6.600    6.600
(  63, 473)  coste     3.700    3.700
(  64, 72)  coste     5.800    5.800
(  64, 376)  coste     7.500    7.500
(  64, 423)  coste     4.800    4.800
(  64, 446)  coste     4.400    4.400
(  65, 88)  coste     9.100    9.100
(  65, 139)  coste     10.700    10.700
(  65, 242)  coste     2.400    2.400
(  65, 255)  coste     11.000    11.000
(  65, 264)  coste     11.900    11.900
(  65, 287)  coste     2.400    2.400
(  66, 158)  coste     7.300    7.300
(  66, 161)  coste     4.400    4.400
(  66, 163)  coste     7.200    7.200
(  66, 279)  coste     7.700    7.700
(  66, 311)  coste     2.700    2.700
(  66, 356)  coste     0.700    0.700
(  66, 412)  coste     10.100    10.100
(  66, 434)  coste     6.000    6.000
(  66, 437)  coste     5.800    5.800
(  66, 484)  coste     1.900    1.900
(  66, 497)  coste     7.800    7.800
(  67, 75)  coste     10.800    10.800
(  67, 217)  coste     11.300    11.300
(  67, 253)  coste     0.500    0.500
(  67, 410)  coste     8.700    8.700
(  68, 74)  coste     11.300    11.300
(  68, 255)  coste     1.400    1.400
(  68, 257)  coste     12.800    12.800
(  68, 373)  coste     7.000    7.000
(  68, 385)  coste     9.500    9.500
(  68, 407)  coste     10.000    10.000
(  68, 410)  coste     7.900    7.900
(  68, 455)  coste     8.300    8.300
(  68, 483)  coste     7.100    7.100
(  68, 490)  coste     5.200    5.200
(  69, 71)  coste     3.800    3.800
(  69, 122)  coste     8.400    8.400
(  69, 263)  coste     4.700    4.700
(  69, 371)  coste     7.200    7.200
(  69, 404)  coste     3.300    3.300
(  70, 78)  coste     5.900    5.900
(  70, 137)  coste     10.600    10.600
(  70, 160)  coste     4.100    4.100
(  70, 178)  coste     2.400    2.400
(  70, 215)  coste     5.700    5.700
(  70, 229)  coste     14.100    14.100
(  70, 240)  coste     9.400    9.400
(  70, 249)  coste     13.200    13.200
(  70, 266)  coste     9.400    9.400
(  70, 314)  coste     11.200    11.200
(  70, 372)  coste     11.900    11.900
(  70, 423)  coste     6.900    6.900
(  71, 101)  coste     2.400    2.400
(  71, 260)  coste     7.300    7.300
(  71, 325)  coste     4.000    4.000
(  71, 357)  coste     4.400    4.400
(  71, 371)  coste     7.000    7.000
(  72, 127)  coste     8.500    8.500
(  72, 326)  coste     13.500    13.500
(  72, 418)  coste     2.900    2.900
(  72, 430)  coste     2.100    2.100
(  72, 475)  coste     5.000    5.000
(  73, 156)  coste     3.000    3.000
(  73, 178)  coste     8.200    8.200
(  73, 219)  coste     6.800    6.800
(  73, 225)  coste     6.900    6.900
(  73, 251)  coste     5.500    5.500
(  73, 313)  coste     3.100    3.100
(  73, 334)  coste     8.900    8.900
(  73, 405)  coste     1.900    1.900
(  73, 422)  coste     4.000    4.000
(  73, 444)  coste     6.200    6.200
(  73, 450)  coste     1.900    1.900
(  74, 257)  coste     13.700    13.700
(  74, 385)  coste     4.600    4.600
(  74, 480)  coste     7.400    7.400
(  75, 282)  coste     2.100    2.100
(  75, 381)  coste     5.000    5.000
(  75, 382)  coste     2.100    2.100
(  76, 148)  coste     5.600    5.600
(  76, 230)  coste     1.400    1.400
(  76, 281)  coste     4.000    4.000
(  76, 399)  coste     3.100    3.100
(  76, 454)  coste     5.300    5.300
(  76, 493)  coste     4.400    4.400
(  76, 500)  coste     4.900    4.900
(  77, 84)  coste     4.400    4.400
(  77, 136)  coste     5.000    5.000
(  77, 361)  coste     2.100    2.100
(  77, 378)  coste     7.600    7.600
(  77, 383)  coste     8.500    8.500
(  77, 469)  coste     1.800    1.800
(  77, 497)  coste     9.000    9.000
(  78, 128)  coste     0.500    0.500
(  78, 136)  coste     6.900    6.900
(  78, 203)  coste     3.700    3.700
(  78, 228)  coste     7.800    7.800
(  78, 280)  coste     3.400    3.400
(  79, 159)  coste     7.800    7.800
(  79, 307)  coste     2.000    2.000
(  79, 354)  coste     5.400    5.400
(  80, 129)  coste     5.300    5.300
(  80, 178)  coste     2.100    2.100
(  80, 251)  coste     11.600    11.600
(  80, 422)  coste     3.700    3.700
(  80, 476)  coste     2.500    2.500
(  81, 119)  coste     9.500    9.500
(  81, 189)  coste     8.000    8.000
(  81, 213)  coste     7.200    7.200
(  81, 293)  coste     3.700    3.700
(  81, 439)  coste     8.900    8.900
(  82, 112)  coste     8.200    8.200
(  82, 154)  coste     8.200    8.200
(  82, 236)  coste     11.300    11.300
(  82, 333)  coste     8.800    8.800
(  82, 429)  coste     4.600    4.600
(  83, 263)  coste     6.600    6.600
(  83, 303)  coste     3.700    3.700
(  83, 324)  coste     4.700    4.700
(  83, 374)  coste     6.800    6.800
(  83, 385)  coste     5.100    5.100
(  83, 392)  coste     2.000    2.000
(  83, 402)  coste     5.900    5.900
(  83, 436)  coste     7.800    7.800
(  83, 458)  coste     2.900    2.900
(  84, 201)  coste     4.100    4.100
(  84, 228)  coste     6.900    6.900
(  85, 130)  coste     12.500    12.500
(  85, 400)  coste     4.700    4.700
(  86, 93)  coste     4.400    4.400
(  86, 184)  coste     5.200    5.200
(  86, 202)  coste     4.500    4.500
(  86, 313)  coste     5.100    5.100
(  86, 392)  coste     2.700    2.700
(  86, 402)  coste     5.200    5.200
(  86, 451)  coste     2.800    2.800
(  86, 489)  coste     4.200    4.200
(  86, 495)  coste     1.900    1.900
(  87, 159)  coste     2.700    2.700
(  87, 173)  coste     4.400    4.400
(  87, 208)  coste     14.000    14.000
(  87, 304)  coste     10.800    10.800
(  87, 331)  coste     3.300    3.300
(  87, 460)  coste     8.900    8.900
(  87, 482)  coste     11.200    11.200
(  88, 174)  coste     4.600    4.600
(  88, 233)  coste     4.300    4.300
(  88, 271)  coste     1.800    1.800
(  88, 289)  coste     4.600    4.600
(  88, 336)  coste     9.700    9.700
(  88, 386)  coste     0.600    0.600
(  88, 421)  coste     7.100    7.100
(  89, 159)  coste     7.600    7.600
(  89, 292)  coste     4.300    4.300
(  89, 350)  coste     5.400    5.400
(  89, 405)  coste     3.400    3.400
(  89, 464)  coste     3.900    3.900
(  90, 165)  coste     0.700    0.700
(  90, 217)  coste     9.900    9.900
(  90, 258)  coste     2.800    2.800
(  90, 279)  coste     12.200    12.200
(  90, 407)  coste     3.000    3.000
(  90, 416)  coste     5.200    5.200
(  90, 490)  coste     7.800    7.800
(  91, 172)  coste     12.700    12.700
(  91, 207)  coste     4.500    4.500
(  91, 248)  coste     11.200    11.200
(  91, 381)  coste     4.000    4.000
(  91, 439)  coste     3.300    3.300
(  91, 442)  coste     8.400    8.400
(  91, 462)  coste     14.500    14.500
(  91, 469)  coste     10.100    10.100
(  92, 188)  coste     4.400    4.400
(  92, 198)  coste     5.100    5.100
(  92, 261)  coste     12.600    12.600
(  92, 275)  coste     10.500    10.500
(  92, 389)  coste     10.000    10.000
(  92, 447)  coste     8.300    8.300
(  92, 462)  coste     6.800    6.800
(  92, 491)  coste     10.400    10.400
(  93, 155)  coste     9.800    9.800
(  93, 200)  coste     8.300    8.300
(  93, 432)  coste     5.000    5.000
(  94, 108)  coste     6.000    6.000
(  94, 127)  coste     2.700    2.700
(  94, 194)  coste     8.800    8.800
(  94, 198)  coste     1.800    1.800
(  94, 232)  coste     2.600    2.600
(  94, 236)  coste     8.100    8.100
(  94, 258)  coste     7.800    7.800
(  94, 351)  coste     7.500    7.500
(  94, 479)  coste     1.400    1.400
(  95, 116)  coste     7.400    7.400
(  95, 130)  coste     9.100    9.100
(  95, 357)  coste     3.200    3.200
(  95, 376)  coste     6.200    6.200
(  96, 213)  coste     5.500    5.500
(  96, 256)  coste     6.700    6.700
(  96, 415)  coste     5.400    5.400
(  97, 140)  coste     7.400    7.400
(  97, 215)  coste     10.000    10.000
(  97, 453)  coste     11.700    11.700
(  97, 471)  coste     1.700    1.700
(  98, 199)  coste     6.200    6.200
(  98, 335)  coste     12.600    12.600
(  98, 490)  coste     5.300    5.300
(  99, 105)  coste     14.200    14.200
(  99, 115)  coste     7.600    7.600
(  99, 183)  coste     7.900    7.900
(  99, 191)  coste     12.500    12.500
(  99, 218)  coste     8.600    8.600
(  99, 334)  coste     16.200    16.200
(  99, 410)  coste     18.100    18.100
(  99, 411)  coste     8.100    8.100
(  99, 424)  coste     5.200    5.200
(  99, 438)  coste     7.900    7.900
(  100, 106)  coste     7.400    7.400
(  100, 115)  coste     9.500    9.500
(  100, 158)  coste     4.500    4.500
(  100, 226)  coste     5.600    5.600
(  100, 258)  coste     5.700    5.700
(  100, 299)  coste     4.800    4.800
(  100, 308)  coste     8.200    8.200
(  100, 348)  coste     9.000    9.000
(  100, 394)  coste     4.400    4.400
(  100, 420)  coste     7.900    7.900
(  100, 432)  coste     12.800    12.800
(  100, 451)  coste     8.600    8.600
(  100, 475)  coste     2.300    2.300
(  100, 490)  coste     4.500    4.500
(  101, 190)  coste     8.900    8.900
(  101, 329)  coste     6.200    6.200
(  101, 398)  coste     5.300    5.300
(  101, 441)  coste     9.400    9.400
(  102, 129)  coste     13.400    13.400
(  102, 189)  coste     4.100    4.100
(  102, 197)  coste     2.900    2.900
(  102, 311)  coste     4.100    4.100
(  102, 319)  coste     15.300    15.300
(  102, 335)  coste     1.800    1.800
(  102, 347)  coste     6.600    6.600
(  102, 370)  coste     7.600    7.600
(  102, 463)  coste     13.000    13.000
(  103, 181)  coste     7.000    7.000
(  103, 236)  coste     17.000    17.000
(  103, 269)  coste     0.500    0.500
(  103, 434)  coste     7.200    7.200
(  104, 185)  coste     2.800    2.800
(  104, 204)  coste     7.200    7.200
(  104, 270)  coste     10.600    10.600
(  104, 443)  coste     10.900    10.900
(  104, 456)  coste     5.200    5.200
(  105, 142)  coste     5.200    5.200
(  105, 329)  coste     0.500    0.500
(  105, 396)  coste     11.500    11.500
(  106, 156)  coste     6.400    6.400
(  106, 212)  coste     7.400    7.400
(  106, 343)  coste     2.600    2.600
(  106, 352)  coste     5.300    5.300
(  106, 363)  coste     7.900    7.900
(  106, 385)  coste     4.200    4.200
(  107, 120)  coste     5.900    5.900
(  107, 192)  coste     8.500    8.500
(  107, 231)  coste     8.000    8.000
(  107, 450)  coste     4.700    4.700
(  107, 468)  coste     4.900    4.900
(  107, 478)  coste     8.400    8.400
(  108, 129)  coste     12.900    12.900
(  108, 311)  coste     3.600    3.600
(  109, 179)  coste     4.100    4.100
(  109, 282)  coste     11.400    11.400
(  109, 320)  coste     1.500    1.500
(  109, 333)  coste     1.900    1.900
(  109, 363)  coste     12.700    12.700
(  109, 393)  coste     2.000    2.000
(  110, 132)  coste     4.800    4.800
(  110, 320)  coste     9.800    9.800
(  110, 360)  coste     8.800    8.800
(  110, 380)  coste     5.400    5.400
(  110, 437)  coste     6.900    6.900
(  110, 485)  coste     8.300    8.300
(  110, 488)  coste     7.800    7.800
(  111, 264)  coste     7.800    7.800
(  111, 334)  coste     7.700    7.700
(  111, 414)  coste     3.400    3.400
(  111, 473)  coste     1.500    1.500
(  112, 113)  coste     5.600    5.600
(  112, 162)  coste     3.700    3.700
(  112, 182)  coste     8.300    8.300
(  112, 189)  coste     4.200    4.200
(  112, 370)  coste     0.900    0.900
(  113, 291)  coste     12.700    12.700
(  113, 355)  coste     2.800    2.800
(  113, 485)  coste     8.900    8.900
(  114, 118)  coste     2.700    2.700
(  114, 154)  coste     9.600    9.600
(  114, 223)  coste     6.300    6.300
(  114, 300)  coste     5.100    5.100
(  114, 411)  coste     4.500    4.500
(  114, 412)  coste     3.400    3.400
(  115, 133)  coste     8.800    8.800
(  115, 145)  coste     12.700    12.700
(  115, 172)  coste     11.500    11.500
(  115, 198)  coste     3.600    3.600
(  115, 357)  coste     8.300    8.300
(  115, 369)  coste     4.000    4.000
(  115, 385)  coste     9.300    9.300
(  116, 225)  coste     4.300    4.300
(  116, 276)  coste     10.700    10.700
(  116, 297)  coste     11.000    11.000
(  116, 366)  coste     3.800    3.800
(  116, 408)  coste     8.200    8.200
(  117, 172)  coste     10.000    10.000
(  117, 240)  coste     4.400    4.400
(  117, 328)  coste     6.500    6.500
(  117, 367)  coste     8.500    8.500
(  117, 465)  coste     2.800    2.800
(  117, 471)  coste     9.000    9.000
(  117, 493)  coste     11.300    11.300
(  118, 152)  coste     9.300    9.300
(  118, 253)  coste     6.400    6.400
(  118, 310)  coste     7.000    7.000
(  118, 320)  coste     14.900    14.900
(  118, 354)  coste     8.500    8.500
(  118, 381)  coste     9.100    9.100
(  118, 393)  coste     11.400    11.400
(  118, 394)  coste     4.600    4.600
(  118, 491)  coste     4.000    4.000
(  119, 138)  coste     8.400    8.400
(  119, 242)  coste     1.700    1.700
(  120, 143)  coste     6.800    6.800
(  120, 250)  coste     10.300    10.300
(  120, 303)  coste     7.500    7.500
(  120, 323)  coste     10.700    10.700
(  120, 335)  coste     11.500    11.500
(  120, 399)  coste     5.100    5.100
(  120, 429)  coste     8.000    8.000
(  120, 438)  coste     4.500    4.500
(  120, 493)  coste     10.800    10.800
(  121, 255)  coste     2.500    2.500
(  121, 422)  coste     9.400    9.400
(  121, 464)  coste     2.600    2.600
(  121, 489)  coste     7.600    7.600
(  122, 133)  coste     13.500    13.500
(  122, 144)  coste     5.400    5.400
(  122, 151)  coste     3.500    3.500
(  122, 188)  coste     9.200    9.200
(  122, 287)  coste     8.100    8.100
(  122, 310)  coste     6.200    6.200
(  122, 316)  coste     11.500    11.500
(  122, 342)  coste     7.400    7.400
(  122, 384)  coste     5.100    5.100
(  123, 160)  coste     3.300    3.300
(  123, 255)  coste     7.900    7.900
(  123, 261)  coste     3.200    3.200
(  123, 282)  coste     3.800    3.800
(  123, 402)  coste     12.600    12.600
(  123, 407)  coste     8.900    8.900
(  123, 416)  coste     6.900    6.900
(  123, 487)  coste     6.900    6.900
(  124, 143)  coste     7.400    7.400
(  124, 350)  coste     8.200    8.200
(  124, 358)  coste     4.200    4.200
(  124, 378)  coste     9.300    9.300
(  125, 144)  coste     10.400    10.400
(  125, 362)  coste     4.100    4.100
(  125, 475)  coste     6.300    6.300
(  126, 399)  coste     7.200    7.200
(  126, 422)  coste     4.400    4.400
(  126, 446)  coste     6.900    6.900
(  126, 486)  coste     5.400    5.400
(  127, 287)  coste     6.700    6.700
(  127, 338)  coste     7.400    7.400
(  127, 341)  coste     7.600    7.600
(  127, 479)  coste     4.100    4.100
(  127, 496)  coste     4.200    4.200
(  128, 137)  coste     5.200    5.200
(  128, 251)  coste     10.700    10.700
(  128, 252)  coste     10.000    10.000
(  128, 266)  coste     4.200    4.200
(  128, 296)  coste     11.700    11.700
(  128, 336)  coste     0.900    0.900
(  128, 438)  coste     6.000    6.000
(  128, 484)  coste     8.100    8.100
(  129, 150)  coste     10.900    10.900
(  129, 151)  coste     5.700    5.700
(  129, 158)  coste     3.900    3.900
(  129, 173)  coste     7.400    7.400
(  129, 339)  coste     5.900    5.900
(  129, 397)  coste     15.800    15.800
(  129, 433)  coste     11.000    11.000
(  129, 476)  coste     7.000    7.000
(  130, 146)  coste     4.100    4.100
(  130, 252)  coste     2.100    2.100
(  130, 339)  coste     9.800    9.800
(  131, 154)  coste     12.800    12.800
(  131, 314)  coste     9.100    9.100
(  131, 418)  coste     6.700    6.700
(  131, 428)  coste     6.700    6.700
(  131, 477)  coste     4.700    4.700
(  132, 193)  coste     6.000    6.000
(  132, 232)  coste     3.400    3.400
(  132, 285)  coste     5.500    5.500
(  133, 154)  coste     2.800    2.800
(  133, 160)  coste     12.400    12.400
(  133, 213)  coste     9.400    9.400
(  133, 244)  coste     11.500    11.500
(  133, 265)  coste     6.000    6.000
(  133, 351)  coste     13.700    13.700
(  133, 419)  coste     9.900    9.900
(  134, 217)  coste     10.300    10.300
(  134, 331)  coste     1.200    1.200
(  134, 344)  coste     8.100    8.100
(  134, 466)  coste     7.300    7.300
(  135, 219)  coste     2.600    2.600
(  135, 285)  coste     9.200    9.200
(  135, 310)  coste     11.400    11.400
(  135, 349)  coste     6.900    6.900
(  135, 402)  coste     12.800    12.800
(  135, 418)  coste     2.600    2.600
(  135, 497)  coste     2.000    2.000
(  136, 189)  coste     5.100    5.100
(  136, 283)  coste     3.400    3.400
(  136, 343)  coste     3.200    3.200
(  136, 415)  coste     10.200    10.200
(  136, 462)  coste     8.800    8.800
(  137, 149)  coste     11.700    11.700
(  137, 154)  coste     8.300    8.300
(  137, 158)  coste     3.300    3.300
(  137, 341)  coste     8.000    8.000
(  137, 347)  coste     8.800    8.800
(  137, 361)  coste     5.900    5.900
(  137, 367)  coste     4.500    4.500
(  137, 374)  coste     10.700    10.700
(  137, 376)  coste     6.400    6.400
(  137, 463)  coste     6.800    6.800
(  138, 177)  coste     8.500    8.500
(  138, 285)  coste     8.200    8.200
(  138, 458)  coste     3.400    3.400
(  139, 166)  coste     2.800    2.800
(  139, 196)  coste     8.100    8.100
(  139, 319)  coste     11.300    11.300
(  139, 359)  coste     3.800    3.800
(  139, 362)  coste     3.900    3.900
(  139, 381)  coste     1.300    1.300
(  139, 400)  coste     4.900    4.900
(  140, 216)  coste     7.800    7.800
(  140, 231)  coste     9.500    9.500
(  140, 301)  coste     9.100    9.100
(  140, 318)  coste     10.400    10.400
(  140, 327)  coste     4.100    4.100
(  140, 377)  coste     9.000    9.000
(  141, 206)  coste     6.900    6.900
(  141, 222)  coste     10.100    10.100
(  141, 240)  coste     4.400    4.400
(  141, 247)  coste     12.500    12.500
(  141, 404)  coste     9.700    9.700
(  141, 489)  coste     3.600    3.600
(  142, 250)  coste     7.700    7.700
(  142, 270)  coste     7.100    7.100
(  142, 285)  coste     7.100    7.100
(  142, 303)  coste     4.700    4.700
(  142, 380)  coste     6.600    6.600
(  142, 472)  coste     8.600    8.600
(  143, 252)  coste     4.100    4.100
(  143, 440)  coste     12.000    12.000
(  144, 266)  coste     14.800    14.800
(  144, 306)  coste     4.200    4.200
(  145, 156)  coste     1.200    1.200
(  145, 267)  coste     3.000    3.000
(  145, 314)  coste     13.000    13.000
(  145, 361)  coste     4.300    4.300
(  146, 169)  coste     3.800    3.800
(  146, 186)  coste     4.600    4.600
(  146, 349)  coste     8.700    8.700
(  146, 470)  coste     9.700    9.700
(  147, 157)  coste     3.200    3.200
(  147, 240)  coste     1.300    1.300
(  147, 459)  coste     4.400    4.400
(  147, 484)  coste     4.000    4.000
(  148, 155)  coste     11.700    11.700
(  148, 219)  coste     6.700    6.700
(  148, 441)  coste     5.100    5.100
(  149, 228)  coste     5.800    5.800
(  149, 230)  coste     10.600    10.600
(  149, 337)  coste     0.300    0.300
(  149, 353)  coste     2.400    2.400
(  149, 361)  coste     5.800    5.800
(  149, 461)  coste     4.000    4.000
(  149, 462)  coste     1.700    1.700
(  149, 479)  coste     10.400    10.400
(  150, 159)  coste     7.600    7.600
(  150, 214)  coste     9.200    9.200
(  150, 275)  coste     8.200    8.200
(  150, 372)  coste     2.800    2.800
(  150, 384)  coste     8.800    8.800
(  150, 407)  coste     4.600    4.600
(  150, 469)  coste     5.300    5.300
(  151, 169)  coste     9.300    9.300
(  151, 191)  coste     5.700    5.700
(  151, 236)  coste     11.900    11.900
(  151, 279)  coste     8.600    8.600
(  151, 285)  coste     8.300    8.300
(  151, 337)  coste     5.700    5.700
(  151, 347)  coste     4.900    4.900
(  151, 460)  coste     4.600    4.600
(  152, 161)  coste     5.100    5.100
(  152, 183)  coste     6.300    6.300
(  152, 228)  coste     8.000    8.000
(  152, 315)  coste     6.000    6.000
(  152, 336)  coste     7.200    7.200
(  152, 353)  coste     4.600    4.600
(  152, 363)  coste     8.600    8.600
(  152, 375)  coste     9.600    9.600
(  152, 443)  coste     3.600    3.600
(  152, 483)  coste     5.700    5.700
(  153, 191)  coste     11.900    11.900
(  153, 200)  coste     4.600    4.600
(  154, 267)  coste     7.300    7.300
(  155, 177)  coste     5.500    5.500
(  155, 326)  coste     7.000    7.000
(  155, 357)  coste     4.000    4.000
(  155, 367)  coste     3.100    3.100
(  155, 404)  coste     10.500    10.500
(  155, 421)  coste     11.900    11.900
(  155, 454)  coste     4.200    4.200
(  156, 187)  coste     1.800    1.800
(  156, 199)  coste     2.400    2.400
(  156, 262)  coste     3.400    3.400
(  156, 283)  coste     3.600    3.600
(  156, 314)  coste     11.800    11.800
(  156, 409)  coste     6.700    6.700
(  156, 448)  coste     1.500    1.500
(  156, 484)  coste     4.100    4.100
(  156, 494)  coste     2.800    2.800
(  156, 496)  coste     7.800    7.800
(  157, 255)  coste     7.200    7.200
(  157, 309)  coste     8.900    8.900
(  157, 383)  coste     3.600    3.600
(  157, 438)  coste     2.700    2.700
(  158, 210)  coste     10.400    10.400
(  158, 216)  coste     10.000    10.000
(  158, 218)  coste     8.400    8.400
(  159, 184)  coste     13.100    13.100
(  159, 203)  coste     14.500    14.500
(  159, 252)  coste     2.300    2.300
(  159, 311)  coste     8.800    8.800
(  159, 324)  coste     5.900    5.900
(  159, 434)  coste     5.700    5.700
(  159, 435)  coste     8.400    8.400
(  159, 467)  coste     5.100    5.100
(  159, 489)  coste     3.700    3.700
(  160, 253)  coste     7.900    7.900
(  160, 256)  coste     7.000    7.000
(  160, 415)  coste     8.900    8.900
(  161, 209)  coste     3.200    3.200
(  161, 338)  coste     7.400    7.400
(  161, 367)  coste     6.900    6.900
(  161, 468)  coste     10.700    10.700
(  162, 327)  coste     3.000    3.000
(  162, 328)  coste     1.500    1.500
(  162, 357)  coste     4.800    4.800
(  162, 362)  coste     10.300    10.300
(  162, 372)  coste     4.500    4.500
(  162, 417)  coste     6.300    6.300
(  162, 442)  coste     9.500    9.500
(  162, 479)  coste     4.100    4.100
(  163, 172)  coste     7.600    7.600
(  163, 180)  coste     2.400    2.400
(  163, 255)  coste     10.100    10.100
(  163, 440)  coste     9.900    9.900
(  163, 464)  coste     8.400    8.400
(  164, 183)  coste     11.400    11.400
(  164, 304)  coste     2.200    2.200
(  164, 312)  coste     11.900    11.900
(  164, 368)  coste     2.800    2.800
(  164, 479)  coste     4.700    4.700
(  165, 175)  coste     7.900    7.900
(  165, 196)  coste     5.100    5.100
(  165, 210)  coste     11.700    11.700
(  165, 257)  coste     0.700    0.700
(  165, 291)  coste     7.400    7.400
(  165, 341)  coste     9.200    9.200
(  165, 489)  coste     2.600    2.600
(  165, 491)  coste     7.000    7.000
(  166, 176)  coste     9.400    9.400
(  166, 217)  coste     5.600    5.600
(  166, 219)  coste     16.000    16.000
(  166, 239)  coste     17.400    17.400
(  166, 349)  coste     7.900    7.900
(  166, 377)  coste     11.300    11.300
(  166, 459)  coste     6.900    6.900
(  167, 299)  coste     4.700    4.700
(  167, 433)  coste     7.700    7.700
(  168, 323)  coste     11.300    11.300
(  168, 381)  coste     7.200    7.200
(  168, 463)  coste     0.700    0.700
(  168, 473)  coste     6.400    6.400
(  168, 492)  coste     5.700    5.700
(  169, 210)  coste     1.900    1.900
(  169, 221)  coste     8.100    8.100
(  169, 266)  coste     9.000    9.000
(  169, 331)  coste     6.100    6.100
(  169, 476)  coste     8.800    8.800
(  170, 180)  coste     2.400    2.400
(  170, 196)  coste     2.700    2.700
(  170, 199)  coste     1.600    1.600
(  170, 310)  coste     9.600    9.600
(  170, 354)  coste     11.100    11.100
(  170, 396)  coste     9.000    9.000
(  170, 399)  coste     6.800    6.800
(  170, 405)  coste     2.100    2.100
(  170, 408)  coste     5.800    5.800
(  170, 460)  coste     8.500    8.500
(  171, 213)  coste     5.200    5.200
(  171, 223)  coste     1.900    1.900
(  171, 329)  coste     8.100    8.100
(  171, 362)  coste     7.400    7.400
(  171, 415)  coste     9.100    9.100
(  171, 499)  coste     7.200    7.200
(  172, 193)  coste     11.700    11.700
(  172, 284)  coste     10.900    10.900
(  173, 262)  coste     2.800    2.800
(  173, 279)  coste     10.300    10.300
(  173, 309)  coste     6.200    6.200
(  173, 363)  coste     6.700    6.700
(  173, 494)  coste     3.400    3.400
(  174, 222)  coste     5.900    5.900
(  174, 225)  coste     16.900    16.900
(  174, 494)  coste     15.800    15.800
(  175, 187)  coste     6.300    6.300
(  175, 256)  coste     3.400    3.400
(  175, 308)  coste     6.700    6.700
(  175, 363)  coste     10.600    10.600
(  176, 198)  coste     7.300    7.300
(  176, 213)  coste     4.900    4.900
(  176, 246)  coste     4.100    4.100
(  176, 366)  coste     4.200    4.200
(  176, 370)  coste     4.400    4.400
(  176, 500)  coste     8.600    8.600
(  177, 216)  coste     8.800    8.800
(  177, 232)  coste     9.800    9.800
(  178, 347)  coste     9.000    9.000
(  178, 377)  coste     12.100    12.100
(  178, 451)  coste     10.000    10.000
(  178, 476)  coste     4.600    4.600
(  179, 189)  coste     3.200    3.200
(  179, 294)  coste     7.600    7.600
(  179, 304)  coste     1.900    1.900
(  179, 486)  coste     7.500    7.500
(  180, 227)  coste     3.300    3.300
(  180, 248)  coste     5.300    5.300
(  180, 467)  coste     2.200    2.200
(  181, 220)  coste     10.200    10.200
(  181, 228)  coste     7.900    7.900
(  181, 230)  coste     3.900    3.900
(  181, 252)  coste     10.400    10.400
(  181, 267)  coste     12.400    12.400
(  181, 268)  coste     8.700    8.700
(  181, 285)  coste     6.400    6.400
(  181, 416)  coste     5.900    5.900
(  182, 442)  coste     5.300    5.300
(  183, 296)  coste     1.500    1.500
(  183, 298)  coste     12.300    12.300
(  183, 341)  coste     4.800    4.800
(  183, 349)  coste     8.100    8.100
(  183, 446)  coste     3.300    3.300
(  183, 450)  coste     8.700    8.700
(  184, 191)  coste     3.200    3.200
(  184, 328)  coste     7.500    7.500
(  184, 409)  coste     8.500    8.500
(  185, 329)  coste     10.600    10.600
(  185, 409)  coste     10.100    10.100
(  185, 428)  coste     5.800    5.800
(  186, 204)  coste     10.400    10.400
(  186, 218)  coste     7.300    7.300
(  186, 283)  coste     1.800    1.800
(  186, 392)  coste     3.700    3.700
(  186, 413)  coste     4.400    4.400
(  186, 436)  coste     8.900    8.900
(  187, 202)  coste     1.500    1.500
(  187, 258)  coste     1.900    1.900
(  187, 308)  coste     9.200    9.200
(  187, 309)  coste     3.800    3.800
(  187, 317)  coste     6.000    6.000
(  187, 364)  coste     5.100    5.100
(  187, 365)  coste     7.700    7.700
(  187, 390)  coste     8.700    8.700
(  187, 400)  coste     4.300    4.300
(  187, 449)  coste     3.200    3.200
(  187, 465)  coste     4.400    4.400
(  187, 466)  coste     4.800    4.800
(  188, 238)  coste     5.200    5.200
(  188, 260)  coste     6.100    6.100
(  188, 357)  coste     4.000    4.000
(  188, 489)  coste     3.600    3.600
(  189, 202)  coste     7.400    7.400
(  189, 278)  coste     1.400    1.400
(  189, 328)  coste     2.000    2.000
(  189, 338)  coste     7.900    7.900
(  189, 373)  coste     2.800    2.800
(  189, 410)  coste     13.700    13.700
(  189, 438)  coste     3.500    3.500
(  189, 457)  coste     7.900    7.900
(  190, 216)  coste     11.600    11.600
(  190, 341)  coste     9.500    9.500
(  190, 361)  coste     3.800    3.800
(  190, 427)  coste     4.000    4.000
(  190, 476)  coste     2.500    2.500
(  191, 218)  coste     9.900    9.900
(  191, 246)  coste     1.100    1.100
(  191, 370)  coste     7.200    7.200
(  191, 458)  coste     4.600    4.600
(  191, 465)  coste     4.800    4.800
(  191, 471)  coste     8.600    8.600
(  192, 197)  coste     8.800    8.800
(  192, 288)  coste     6.500    6.500
(  192, 364)  coste     6.000    6.000
(  192, 387)  coste     0.400    0.400
(  192, 459)  coste     5.400    5.400
(  192, 480)  coste     5.100    5.100
(  193, 308)  coste     8.700    8.700
(  193, 357)  coste     4.900    4.900
(  193, 382)  coste     5.500    5.500
(  193, 383)  coste     13.000    13.000
(  194, 232)  coste     10.800    10.800
(  194, 249)  coste     11.700    11.700
(  194, 253)  coste     8.100    8.100
(  194, 270)  coste     14.500    14.500
(  194, 338)  coste     4.300    4.300
(  195, 253)  coste     8.800    8.800
(  195, 285)  coste     0.200    0.200
(  195, 470)  coste     10.100    10.100
(  196, 385)  coste     3.300    3.300
(  196, 402)  coste     8.300    8.300
(  196, 432)  coste     5.500    5.500
(  196, 437)  coste     6.900    6.900
(  197, 234)  coste     4.300    4.300
(  197, 241)  coste     13.100    13.100
(  197, 259)  coste     12.800    12.800
(  197, 297)  coste     3.900    3.900
(  197, 363)  coste     10.600    10.600
(  197, 376)  coste     9.700    9.700
(  197, 489)  coste     7.900    7.900
(  198, 230)  coste     0.800    0.800
(  198, 258)  coste     8.200    8.200
(  198, 289)  coste     6.900    6.900
(  198, 394)  coste     10.300    10.300
(  198, 452)  coste     4.400    4.400
(  198, 455)  coste     6.300    6.300
(  199, 252)  coste     2.400    2.400
(  199, 343)  coste     6.200    6.200
(  199, 364)  coste     8.300    8.300
(  199, 407)  coste     4.100    4.100
(  199, 428)  coste     8.400    8.400
(  200, 271)  coste     5.900    5.900
(  200, 418)  coste     2.100    2.100
(  200, 447)  coste     5.000    5.000
(  201, 216)  coste     7.400    7.400
(  201, 219)  coste     10.500    10.500
(  201, 400)  coste     1.600    1.600
(  201, 420)  coste     2.000    2.000
(  201, 431)  coste     4.400    4.400
(  202, 214)  coste     6.200    6.200
(  203, 222)  coste     5.500    5.500
(  203, 255)  coste     1.300    1.300
(  203, 290)  coste     2.700    2.700
(  203, 324)  coste     11.000    11.000
(  203, 375)  coste     7.500    7.500
(  203, 378)  coste     0.400    0.400
(  203, 420)  coste     6.900    6.900
(  204, 369)  coste     12.900    12.900
(  204, 373)  coste     10.500    10.500
(  205, 275)  coste     2.100    2.100
(  205, 286)  coste     8.100    8.100
(  205, 339)  coste     4.100    4.100
(  205, 355)  coste     5.300    5.300
(  205, 378)  coste     9.000    9.000
(  206, 281)  coste     1.600    1.600
(  206, 312)  coste     10.800    10.800
(  206, 412)  coste     6.200    6.200
(  207, 225)  coste     12.700    12.700
(  207, 284)  coste     5.300    5.300
(  207, 300)  coste     5.200    5.200
(  207, 423)  coste     8.300    8.300
(  208, 221)  coste     4.700    4.700
(  208, 272)  coste     6.100    6.100
(  208, 294)  coste     8.100    8.100
(  208, 327)  coste     4.400    4.400
(  208, 337)  coste     13.600    13.600
(  209, 321)  coste     10.400    10.400
(  210, 225)  coste     9.200    9.200
(  210, 302)  coste     6.400    6.400
(  210, 401)  coste     5.500    5.500
(  210, 445)  coste     7.100    7.100
(  211, 437)  coste     2.800    2.800
(  211, 499)  coste     8.700    8.700
(  212, 213)  coste     8.700    8.700
(  212, 256)  coste     7.700    7.700
(  212, 291)  coste     7.200    7.200
(  212, 319)  coste     7.900    7.900
(  212, 471)  coste     4.600    4.600
(  213, 255)  coste     2.600    2.600
(  213, 262)  coste     5.700    5.700
(  213, 278)  coste     7.000    7.000
(  213, 284)  coste     3.200    3.200
(  213, 378)  coste     4.300    4.300
(  213, 405)  coste     6.400    6.400
(  213, 416)  coste     3.800    3.800
(  213, 425)  coste     2.500    2.500
(  213, 427)  coste     5.200    5.200
(  213, 471)  coste     6.900    6.900
(  213, 498)  coste     0.400    0.400
(  214, 263)  coste     10.800    10.800
(  214, 312)  coste     11.000    11.000
(  214, 363)  coste     1.800    1.800
(  214, 380)  coste     2.800    2.800
(  214, 406)  coste     4.000    4.000
(  214, 410)  coste     5.300    5.300
(  214, 424)  coste     7.600    7.600
(  214, 451)  coste     7.300    7.300
(  215, 277)  coste     3.400    3.400
(  215, 296)  coste     11.000    11.000
(  215, 473)  coste     5.200    5.200
(  216, 232)  coste     6.000    6.000
(  216, 265)  coste     6.800    6.800
(  216, 269)  coste     15.600    15.600
(  216, 332)  coste     15.500    15.500
(  216, 360)  coste     7.800    7.800
(  216, 380)  coste     15.000    15.000
(  216, 450)  coste     7.000    7.000
(  216, 459)  coste     9.000    9.000
(  217, 248)  coste     7.100    7.100
(  217, 451)  coste     8.000    8.000
(  217, 485)  coste     5.800    5.800
(  218, 236)  coste     9.100    9.100
(  218, 253)  coste     0.300    0.300
(  218, 283)  coste     5.500    5.500
(  218, 323)  coste     15.100    15.100
(  219, 274)  coste     7.300    7.300
(  219, 365)  coste     12.300    12.300
(  219, 425)  coste     9.000    9.000
(  219, 452)  coste     11.900    11.900
(  220, 261)  coste     8.800    8.800
(  220, 278)  coste     6.900    6.900
(  220, 314)  coste     12.200    12.200
(  220, 356)  coste     8.100    8.100
(  220, 391)  coste     8.700    8.700
(  220, 472)  coste     10.300    10.300
(  221, 315)  coste     10.200    10.200
(  222, 241)  coste     14.300    14.300
(  222, 311)  coste     2.400    2.400
(  222, 372)  coste     3.200    3.200
(  222, 426)  coste     12.500    12.500
(  222, 468)  coste     12.800    12.800
(  222, 484)  coste     5.800    5.800
(  222, 491)  coste     8.900    8.900
(  223, 233)  coste     5.900    5.900
(  223, 267)  coste     6.600    6.600
(  223, 269)  coste     9.900    9.900
(  223, 361)  coste     5.300    5.300
(  223, 424)  coste     3.300    3.300
(  224, 275)  coste     2.900    2.900
(  224, 308)  coste     10.600    10.600
(  224, 447)  coste     6.300    6.300
(  224, 456)  coste     6.400    6.400
(  224, 488)  coste     6.500    6.500
(  225, 327)  coste     9.700    9.700
(  225, 361)  coste     6.200    6.200
(  225, 392)  coste     6.200    6.200
(  226, 299)  coste     4.000    4.000
(  226, 400)  coste     1.500    1.500
(  226, 480)  coste     2.200    2.200
(  227, 250)  coste     6.900    6.900
(  227, 406)  coste     10.400    10.400
(  227, 497)  coste     4.900    4.900
(  228, 292)  coste     4.300    4.300
(  228, 434)  coste     4.700    4.700
(  229, 346)  coste     11.100    11.100
(  229, 358)  coste     13.400    13.400
(  229, 402)  coste     1.100    1.100
(  229, 422)  coste     10.100    10.100
(  230, 249)  coste     2.300    2.300
(  230, 312)  coste     11.400    11.400
(  230, 385)  coste     4.900    4.900
(  230, 413)  coste     6.100    6.100
(  230, 420)  coste     2.400    2.400
(  230, 468)  coste     10.000    10.000
(  231, 319)  coste     7.300    7.300
(  231, 334)  coste     7.100    7.100
(  231, 372)  coste     7.100    7.100
(  231, 378)  coste     11.600    11.600
(  231, 388)  coste     12.300    12.300
(  231, 410)  coste     9.000    9.000
(  231, 465)  coste     5.600    5.600
(  232, 286)  coste     2.400    2.400
(  232, 322)  coste     11.100    11.100
(  232, 401)  coste     4.300    4.300
(  232, 430)  coste     9.100    9.100
(  232, 436)  coste     13.600    13.600
(  232, 446)  coste     10.600    10.600
(  232, 465)  coste     9.100    9.100
(  233, 243)  coste     8.800    8.800
(  233, 307)  coste     5.800    5.800
(  233, 353)  coste     11.400    11.400
(  233, 375)  coste     7.800    7.800
(  233, 395)  coste     11.300    11.300
(  233, 443)  coste     11.000    11.000
(  234, 238)  coste     12.000    12.000
(  234, 285)  coste     5.800    5.800
(  234, 415)  coste     15.600    15.600
(  234, 425)  coste     7.200    7.200
(  234, 494)  coste     15.200    15.200
(  235, 281)  coste     2.900    2.900
(  235, 283)  coste     6.000    6.000
(  235, 447)  coste     4.300    4.300
(  235, 485)  coste     2.400    2.400
(  235, 493)  coste     5.700    5.700
(  236, 238)  coste     11.400    11.400
(  236, 319)  coste     16.900    16.900
(  237, 419)  coste     5.900    5.900
(  237, 479)  coste     8.200    8.200
(  238, 243)  coste     11.900    11.900
(  238, 273)  coste     2.300    2.300
(  238, 275)  coste     0.900    0.900
(  238, 304)  coste     6.600    6.600
(  238, 361)  coste     1.900    1.900
(  238, 409)  coste     9.100    9.100
(  238, 459)  coste     4.900    4.900
(  239, 254)  coste     11.400    11.400
(  239, 260)  coste     4.700    4.700
(  239, 275)  coste     6.100    6.100
(  239, 327)  coste     11.000    11.000
(  239, 375)  coste     9.300    9.300
(  239, 395)  coste     3.800    3.800
(  239, 409)  coste     6.900    6.900
(  240, 263)  coste     6.500    6.500
(  240, 404)  coste     8.900    8.900
(  241, 250)  coste     15.000    15.000
(  241, 251)  coste     15.300    15.300
(  241, 324)  coste     13.200    13.200
(  241, 337)  coste     9.200    9.200
(  241, 449)  coste     3.600    3.600
(  242, 318)  coste     2.200    2.200
(  242, 400)  coste     3.400    3.400
(  242, 408)  coste     8.700    8.700
(  243, 280)  coste     9.600    9.600
(  243, 281)  coste     9.200    9.200
(  243, 418)  coste     10.100    10.100
(  243, 429)  coste     7.200    7.200
(  243, 463)  coste     15.100    15.100
(  243, 468)  coste     16.600    16.600
(  244, 316)  coste     9.500    9.500
(  244, 427)  coste     3.100    3.100
(  244, 459)  coste     5.900    5.900
(  244, 461)  coste     0.900    0.900
(  244, 464)  coste     9.200    9.200
(  244, 478)  coste     9.000    9.000
(  245, 246)  coste     9.400    9.400
(  245, 465)  coste     5.700    5.700
(  246, 429)  coste     5.600    5.600
(  247, 282)  coste     12.900    12.900
(  247, 332)  coste     15.700    15.700
(  247, 397)  coste     1.900    1.900
(  247, 406)  coste     8.800    8.800
(  247, 477)  coste     10.700    10.700
(  248, 255)  coste     8.800    8.800
(  248, 282)  coste     5.300    5.300
(  248, 377)  coste     10.000    10.000
(  248, 479)  coste     5.400    5.400
(  249, 259)  coste     13.500    13.500
(  249, 421)  coste     8.100    8.100
(  249, 432)  coste     5.400    5.400
(  250, 252)  coste     7.800    7.800
(  250, 268)  coste     6.100    6.100
(  250, 286)  coste     5.900    5.900
(  250, 292)  coste     7.600    7.600
(  250, 359)  coste     6.200    6.200
(  250, 372)  coste     3.900    3.900
(  250, 411)  coste     6.000    6.000
(  250, 443)  coste     8.300    8.300
(  251, 295)  coste     10.700    10.700
(  251, 301)  coste     11.300    11.300
(  251, 323)  coste     11.100    11.100
(  251, 443)  coste     4.600    4.600
(  252, 306)  coste     3.600    3.600
(  252, 308)  coste     10.600    10.600
(  252, 405)  coste     4.300    4.300
(  252, 412)  coste     3.700    3.700
(  252, 475)  coste     4.900    4.900
(  252, 490)  coste     7.100    7.100
(  253, 263)  coste     8.100    8.100
(  253, 293)  coste     6.400    6.400
(  253, 297)  coste     12.200    12.200
(  253, 363)  coste     8.300    8.300
(  253, 470)  coste     4.500    4.500
(  254, 335)  coste     2.200    2.200
(  254, 372)  coste     2.900    2.900
(  254, 388)  coste     6.500    6.500
(  254, 409)  coste     4.500    4.500
(  255, 386)  coste     6.300    6.300
(  255, 404)  coste     6.000    6.000
(  255, 417)  coste     5.200    5.200
(  256, 278)  coste     3.400    3.400
(  256, 488)  coste     5.600    5.600
(  257, 443)  coste     6.200    6.200
(  258, 498)  coste     8.000    8.000
(  259, 426)  coste     9.300    9.300
(  259, 440)  coste     14.200    14.200
(  259, 458)  coste     11.300    11.300
(  260, 338)  coste     2.100    2.100
(  261, 310)  coste     5.200    5.200
(  261, 374)  coste     10.900    10.900
(  261, 476)  coste     7.400    7.400
(  261, 494)  coste     11.200    11.200
(  262, 264)  coste     11.200    11.200
(  262, 284)  coste     8.100    8.100
(  262, 285)  coste     3.800    3.800
(  262, 432)  coste     3.800    3.800
(  262, 473)  coste     1.900    1.900
(  262, 477)  coste     6.000    6.000
(  263, 275)  coste     9.800    9.800
(  263, 350)  coste     6.600    6.600
(  263, 376)  coste     11.700    11.700
(  263, 438)  coste     5.900    5.900
(  263, 484)  coste     4.600    4.600
(  263, 486)  coste     11.500    11.500
(  264, 300)  coste     5.800    5.800
(  264, 379)  coste     1.200    1.200
(  264, 422)  coste     6.400    6.400
(  265, 294)  coste     6.200    6.200
(  265, 342)  coste     3.700    3.700
(  265, 387)  coste     9.000    9.000
(  265, 394)  coste     8.700    8.700
(  265, 424)  coste     8.000    8.000
(  265, 452)  coste     2.800    2.800
(  265, 461)  coste     8.400    8.400
(  265, 478)  coste     7.700    7.700
(  266, 277)  coste     3.500    3.500
(  266, 295)  coste     8.600    8.600
(  266, 344)  coste     7.200    7.200
(  266, 376)  coste     5.600    5.600
(  266, 393)  coste     8.800    8.800
(  266, 498)  coste     5.900    5.900
(  267, 309)  coste     3.800    3.800
(  267, 333)  coste     8.300    8.300
(  267, 378)  coste     14.600    14.600
(  267, 419)  coste     11.200    11.200
(  269, 318)  coste     11.600    11.600
(  269, 329)  coste     3.700    3.700
(  269, 373)  coste     10.200    10.200
(  269, 382)  coste     7.100    7.100
(  269, 495)  coste     8.200    8.200
(  270, 285)  coste     5.600    5.600
(  270, 343)  coste     5.400    5.400
(  270, 390)  coste     5.500    5.500
(  271, 321)  coste     9.800    9.800
(  271, 327)  coste     5.200    5.200
(  271, 360)  coste     5.700    5.700
(  273, 331)  coste     1.000    1.000
(  273, 379)  coste     7.500    7.500
(  273, 408)  coste     4.700    4.700
(  273, 498)  coste     9.200    9.200
(  274, 341)  coste     6.900    6.900
(  274, 420)  coste     3.400    3.400
(  274, 446)  coste     4.000    4.000
(  274, 460)  coste     6.400    6.400
(  275, 276)  coste     8.800    8.800
(  275, 314)  coste     10.900    10.900
(  275, 387)  coste     4.800    4.800
(  275, 442)  coste     3.400    3.400
(  276, 312)  coste     14.000    14.000
(  276, 382)  coste     3.100    3.100
(  276, 492)  coste     13.500    13.500
(  278, 279)  coste     7.600    7.600
(  278, 333)  coste     2.000    2.000
(  278, 408)  coste     9.500    9.500
(  279, 284)  coste     0.200    0.200
(  279, 329)  coste     9.700    9.700
(  279, 359)  coste     4.700    4.700
(  279, 392)  coste     8.600    8.600
(  279, 485)  coste     2.700    2.700
(  279, 488)  coste     9.800    9.800
(  280, 418)  coste     9.300    9.300
(  280, 446)  coste     9.800    9.800
(  280, 476)  coste     8.300    8.300
(  280, 482)  coste     1.900    1.900
(  281, 394)  coste     7.900    7.900
(  282, 338)  coste     5.200    5.200
(  282, 348)  coste     4.200    4.200
(  282, 449)  coste     5.200    5.200
(  282, 462)  coste     8.600    8.600
(  282, 468)  coste     3.300    3.300
(  283, 394)  coste     10.200    10.200
(  283, 458)  coste     3.600    3.600
(  283, 470)  coste     7.500    7.500
(  284, 305)  coste     7.000    7.000
(  284, 355)  coste     9.400    9.400
(  284, 367)  coste     2.000    2.000
(  284, 407)  coste     9.200    9.200
(  284, 464)  coste     2.300    2.300
(  284, 497)  coste     15.500    15.500
(  285, 298)  coste     9.300    9.300
(  285, 391)  coste     2.100    2.100
(  285, 444)  coste     9.600    9.600
(  285, 459)  coste     6.500    6.500
(  285, 493)  coste     2.700    2.700
(  286, 453)  coste     10.700    10.700
(  287, 294)  coste     6.800    6.800
(  287, 467)  coste     1.100    1.100
(  287, 471)  coste     2.900    2.900
(  287, 500)  coste     2.300    2.300
(  288, 298)  coste     3.900    3.900
(  288, 379)  coste     2.200    2.200
(  288, 496)  coste     13.200    13.200
(  289, 300)  coste     11.600    11.600
(  289, 339)  coste     9.700    9.700
(  289, 489)  coste     10.400    10.400
(  290, 301)  coste     8.100    8.100
(  290, 491)  coste     3.500    3.500
(  290, 494)  coste     11.700    11.700
(  290, 499)  coste     10.200    10.200
(  291, 317)  coste     11.400    11.400
(  291, 385)  coste     12.200    12.200
(  291, 450)  coste     8.100    8.100
(  291, 464)  coste     6.600    6.600
(  292, 304)  coste     3.200    3.200
(  292, 383)  coste     8.100    8.100
(  292, 409)  coste     7.900    7.900
(  292, 444)  coste     4.200    4.200
(  292, 491)  coste     2.000    2.000
(  293, 340)  coste     5.500    5.500
(  293, 422)  coste     5.200    5.200
(  294, 332)  coste     2.500    2.500
(  294, 334)  coste     2.600    2.600
(  294, 344)  coste     2.500    2.500
(  294, 425)  coste     2.300    2.300
(  295, 369)  coste     8.900    8.900
(  296, 309)  coste     8.100    8.100
(  296, 338)  coste     6.300    6.300
(  296, 341)  coste     3.300    3.300
(  296, 426)  coste     9.300    9.300
(  296, 441)  coste     1.100    1.100
(  297, 414)  coste     9.400    9.400
(  297, 416)  coste     6.100    6.100
(  297, 456)  coste     7.400    7.400
(  298, 422)  coste     9.500    9.500
(  298, 498)  coste     1.200    1.200
(  299, 446)  coste     1.700    1.700
(  299, 456)  coste     6.000    6.000
(  299, 477)  coste     2.800    2.800
(  299, 482)  coste     6.800    6.800
(  300, 366)  coste     8.200    8.200
(  301, 363)  coste     5.300    5.300
(  301, 392)  coste     3.300    3.300
(  301, 416)  coste     3.100    3.100
(  302, 340)  coste     5.400    5.400
(  302, 442)  coste     7.800    7.800
(  303, 335)  coste     4.000    4.000
(  303, 365)  coste     4.300    4.300
(  303, 388)  coste     8.500    8.500
(  303, 491)  coste     6.800    6.800
(  303, 494)  coste     7.000    7.000
(  304, 363)  coste     8.100    8.100
(  304, 375)  coste     9.100    9.100
(  304, 400)  coste     1.900    1.900
(  304, 406)  coste     3.700    3.700
(  305, 316)  coste     12.600    12.600
(  305, 318)  coste     11.400    11.400
(  305, 324)  coste     12.100    12.100
(  305, 456)  coste     0.700    0.700
(  306, 385)  coste     4.000    4.000
(  306, 492)  coste     6.800    6.800
(  307, 320)  coste     13.200    13.200
(  308, 369)  coste     2.300    2.300
(  308, 446)  coste     10.500    10.500
(  309, 455)  coste     2.800    2.800
(  309, 457)  coste     1.800    1.800
(  309, 487)  coste     3.900    3.900
(  310, 328)  coste     6.100    6.100
(  310, 362)  coste     4.500    4.500
(  310, 485)  coste     1.400    1.400
(  311, 339)  coste     3.400    3.400
(  311, 414)  coste     5.300    5.300
(  312, 497)  coste     1.500    1.500
(  313, 392)  coste     5.400    5.400
(  314, 353)  coste     13.300    13.300
(  314, 478)  coste     10.800    10.800
(  315, 371)  coste     12.300    12.300
(  315, 425)  coste     11.300    11.300
(  316, 482)  coste     5.700    5.700
(  317, 357)  coste     5.400    5.400
(  317, 417)  coste     7.900    7.900
(  318, 373)  coste     5.200    5.200
(  318, 388)  coste     13.200    13.200
(  319, 321)  coste     8.300    8.300
(  319, 375)  coste     1.800    1.800
(  319, 376)  coste     5.700    5.700
(  320, 362)  coste     9.600    9.600
(  320, 473)  coste     6.600    6.600
(  322, 337)  coste     4.200    4.200
(  322, 340)  coste     8.900    8.900
(  322, 392)  coste     3.300    3.300
(  322, 405)  coste     6.700    6.700
(  323, 355)  coste     11.700    11.700
(  323, 434)  coste     10.400    10.400
(  323, 483)  coste     8.600    8.600
(  324, 331)  coste     4.300    4.300
(  324, 364)  coste     5.300    5.300
(  324, 422)  coste     6.200    6.200
(  325, 404)  coste     2.300    2.300
(  325, 451)  coste     7.600    7.600
(  325, 499)  coste     12.100    12.100
(  326, 357)  coste     9.600    9.600
(  326, 390)  coste     7.100    7.100
(  326, 423)  coste     12.300    12.300
(  326, 436)  coste     16.300    16.300
(  326, 468)  coste     9.300    9.300
(  326, 475)  coste     8.500    8.500
(  329, 434)  coste     4.400    4.400
(  330, 366)  coste     3.700    3.700
(  330, 409)  coste     5.800    5.800
(  330, 429)  coste     6.200    6.200
(  330, 442)  coste     6.800    6.800
(  332, 344)  coste     3.800    3.800
(  332, 377)  coste     12.700    12.700
(  332, 421)  coste     14.300    14.300
(  332, 425)  coste     4.800    4.800
(  332, 465)  coste     1.400    1.400
(  332, 484)  coste     11.700    11.700
(  332, 495)  coste     8.100    8.100
(  333, 432)  coste     2.700    2.700
(  333, 473)  coste     5.000    5.000
(  334, 396)  coste     13.500    13.500
(  334, 429)  coste     10.000    10.000
(  335, 350)  coste     4.900    4.900
(  335, 378)  coste     7.800    7.800
(  335, 388)  coste     8.500    8.500
(  335, 472)  coste     0.900    0.900
(  336, 413)  coste     8.900    8.900
(  336, 433)  coste     9.700    9.700
(  336, 448)  coste     9.600    9.600
(  337, 457)  coste     4.400    4.400
(  338, 371)  coste     1.800    1.800
(  338, 407)  coste     4.100    4.100
(  338, 446)  coste     4.700    4.700
(  339, 351)  coste     6.500    6.500
(  340, 342)  coste     4.300    4.300
(  340, 362)  coste     8.600    8.600
(  340, 382)  coste     5.900    5.900
(  340, 452)  coste     7.000    7.000
(  340, 459)  coste     6.400    6.400
(  340, 495)  coste     4.800    4.800
(  341, 380)  coste     12.900    12.900
(  341, 399)  coste     5.800    5.800
(  341, 430)  coste     11.400    11.400
(  341, 445)  coste     3.600    3.600
(  342, 353)  coste     6.500    6.500
(  343, 385)  coste     3.800    3.800
(  343, 387)  coste     4.100    4.100
(  343, 395)  coste     5.200    5.200
(  343, 447)  coste     2.300    2.300
(  345, 443)  coste     12.900    12.900
(  346, 413)  coste     4.800    4.800
(  347, 475)  coste     7.700    7.700
(  348, 379)  coste     6.800    6.800
(  349, 392)  coste     2.600    2.600
(  349, 433)  coste     8.900    8.900
(  350, 412)  coste     8.600    8.600
(  350, 417)  coste     10.000    10.000
(  350, 488)  coste     2.400    2.400
(  351, 378)  coste     7.200    7.200
(  351, 445)  coste     9.000    9.000
(  352, 460)  coste     5.400    5.400
(  353, 363)  coste     7.600    7.600
(  353, 420)  coste     6.200    6.200
(  353, 492)  coste     2.900    2.900
(  354, 362)  coste     3.000    3.000
(  354, 375)  coste     6.200    6.200
(  354, 430)  coste     9.300    9.300
(  354, 444)  coste     1.900    1.900
(  354, 464)  coste     1.700    1.700
(  355, 452)  coste     6.600    6.600
(  356, 432)  coste     1.300    1.300
(  357, 415)  coste     6.400    6.400
(  358, 425)  coste     5.900    5.900
(  358, 473)  coste     10.200    10.200
(  359, 480)  coste     2.000    2.000
(  360, 388)  coste     2.000    2.000
(  361, 413)  coste     7.300    7.300
(  361, 418)  coste     2.500    2.500
(  361, 465)  coste     3.100    3.100
(  361, 474)  coste     1.400    1.400
(  362, 366)  coste     12.700    12.700
(  362, 392)  coste     11.000    11.000
(  362, 410)  coste     9.300    9.300
(  363, 370)  coste     5.900    5.900
(  363, 423)  coste     5.600    5.600
(  363, 491)  coste     2.900    2.900
(  364, 381)  coste     2.800    2.800
(  364, 422)  coste     6.900    6.900
(  364, 460)  coste     8.400    8.400
(  364, 494)  coste     8.700    8.700
(  365, 369)  coste     2.600    2.600
(  365, 397)  coste     7.500    7.500
(  366, 439)  coste     8.800    8.800
(  366, 464)  coste     8.000    8.000
(  366, 487)  coste     1.300    1.300
(  367, 431)  coste     8.200    8.200
(  368, 499)  coste     11.100    11.100
(  369, 445)  coste     12.100    12.100
(  369, 466)  coste     8.100    8.100
(  369, 473)  coste     4.000    4.000
(  370, 432)  coste     7.400    7.400
(  370, 441)  coste     2.800    2.800
(  370, 442)  coste     5.700    5.700
(  370, 443)  coste     2.300    2.300
(  372, 374)  coste     10.000    10.000
(  372, 388)  coste     5.200    5.200
(  372, 391)  coste     0.800    0.800
(  372, 463)  coste     8.100    8.100
(  372, 486)  coste     7.500    7.500
(  373, 462)  coste     6.500    6.500
(  374, 376)  coste     10.500    10.500
(  374, 474)  coste     7.400    7.400
(  374, 482)  coste     9.900    9.900
(  374, 500)  coste     5.900    5.900
(  375, 411)  coste     7.500    7.500
(  375, 456)  coste     0.500    0.500
(  375, 479)  coste     6.600    6.600
(  377, 452)  coste     7.200    7.200
(  377, 480)  coste     4.100    4.100
(  378, 383)  coste     6.500    6.500
(  378, 401)  coste     6.200    6.200
(  378, 447)  coste     6.300    6.300
(  379, 390)  coste     14.500    14.500
(  380, 419)  coste     4.300    4.300
(  380, 441)  coste     8.500    8.500
(  380, 455)  coste     3.500    3.500
(  381, 417)  coste     2.200    2.200
(  383, 486)  coste     11.900    11.900
(  384, 400)  coste     6.000    6.000
(  384, 481)  coste     4.500    4.500
(  385, 477)  coste     7.600    7.600
(  385, 487)  coste     6.700    6.700
(  386, 393)  coste     3.600    3.600
(  388, 445)  coste     16.100    16.100
(  388, 448)  coste     13.800    13.800
(  389, 435)  coste     4.900    4.900
(  389, 443)  coste     7.500    7.500
(  389, 450)  coste     3.700    3.700
(  390, 417)  coste     2.800    2.800
(  390, 499)  coste     11.000    11.000
(  391, 411)  coste     5.500    5.500
(  391, 437)  coste     3.900    3.900
(  392, 423)  coste     1.800    1.800
(  392, 430)  coste     4.300    4.300
(  392, 495)  coste     4.600    4.600
(  393, 411)  coste     4.200    4.200
(  393, 434)  coste     5.400    5.400
(  393, 458)  coste     4.000    4.000
(  394, 412)  coste     6.100    6.100
(  394, 418)  coste     7.000    7.000
(  394, 433)  coste     12.600    12.600
(  395, 399)  coste     7.400    7.400
(  395, 446)  coste     3.100    3.100
(  396, 437)  coste     6.400    6.400
(  397, 441)  coste     8.400    8.400
(  397, 452)  coste     11.500    11.500
(  398, 419)  coste     4.100    4.100
(  398, 439)  coste     3.300    3.300
(  398, 454)  coste     5.900    5.900
(  398, 457)  coste     13.300    13.300
(  399, 443)  coste     7.100    7.100
(  399, 454)  coste     2.200    2.200
(  400, 484)  coste     3.800    3.800
(  401, 481)  coste     11.200    11.200
(  404, 440)  coste     6.400    6.400
(  406, 437)  coste     1.900    1.900
(  407, 494)  coste     4.500    4.500
(  408, 425)  coste     2.600    2.600
(  408, 481)  coste     8.000    8.000
(  410, 449)  coste     4.600    4.600
(  411, 418)  coste     2.800    2.800
(  411, 492)  coste     6.600    6.600
(  412, 445)  coste     7.300    7.300
(  414, 429)  coste     9.900    9.900
(  414, 450)  coste     4.300    4.300
(  416, 468)  coste     5.400    5.400
(  417, 440)  coste     5.600    5.600
(  418, 424)  coste     3.900    3.900
(  418, 463)  coste     5.000    5.000
(  418, 494)  coste     2.800    2.800
(  420, 445)  coste     8.100    8.100
(  421, 426)  coste     13.500    13.500
(  421, 438)  coste     6.100    6.100
(  421, 439)  coste     8.300    8.300
(  421, 460)  coste     14.200    14.200
(  422, 464)  coste     9.600    9.600
(  422, 478)  coste     6.200    6.200
(  423, 463)  coste     3.100    3.100
(  423, 483)  coste     4.100    4.100
(  426, 441)  coste     8.200    8.200
(  427, 467)  coste     8.900    8.900
(  427, 496)  coste     14.100    14.100
(  431, 480)  coste     2.700    2.700
(  434, 485)  coste     7.400    7.400
(  435, 450)  coste     8.600    8.600
(  437, 480)  coste     3.800    3.800
(  437, 485)  coste     1.400    1.400
(  443, 495)  coste     8.000    8.000
(  445, 457)  coste     6.200    6.200
(  445, 489)  coste     4.200    4.200
(  445, 490)  coste     9.900    9.900
(  447, 467)  coste     3.700    3.700
(  448, 450)  coste     6.000    6.000
(  448, 498)  coste     8.800    8.800
(  453, 485)  coste     9.800    9.800
(  456, 472)  coste     14.900    14.900
(  459, 498)  coste     2.400    2.400
(  460, 467)  coste     10.100    10.100
(  462, 484)  coste     3.700    3.700
(  463, 487)  coste     3.900    3.900
(  467, 487)  coste     4.300    4.300
(  468, 472)  coste     15.200    15.200
(  469, 472)  coste     8.500    8.500
(  474, 483)  coste     3.700    3.700
(  475, 489)  coste     4.900    4.900
(  479, 488)  coste     6.600    6.600
(  481, 487)  coste     6.500    6.500
(  487, 497)  coste     5.700    5.700
(  488, 492)  coste     5.300    5.300
(  496, 498)  coste     10.500    10.500
