NOMBRE : N500E2000R100_04
COMENTARIO : Generated instance
VERTICES : 500
ARISTAS_REQ : 100
ARISTAS_NOREQ : 1900
COORDS :
1 4.200 4.600
2 0.700 9.000
3 1.900 5.400
4 2.200 9.100
5 3.200 0.500
6 4.400 1.900
7 7.200 1.500
8 4.700 5.100
9 3.900 5.500
10 6.700 5.000
11 9.500 6.100
12 3.200 2.700
13 2.500 1.400
14 6.800 4.300
15 1.400 6.000
16 2.600 8.000
17 3.300 1.800
18 5.800 1.200
19 5.700 7.300
20 2.900 4.800
21 7.700 6.500
22 3.600 0.400
23 2.800 1.400
24 1.900 1.400
25 3.800 2.800
26 0.500 6.300
27 3.400 1.600
28 8.100 5.100
29 7.900 6.500
30 6.200 4.600
31 6.800 7.500
32 9.400 5.700
33 2.900 6.900
34 8.900 1.000
35 1.300 4.900
36 8.700 9.900
37 3.200 6.700
38 1.500 0.800
39 1.700 9.600
40 6.000 3.300
41 1.400 6.600
42 1.700 4.300
43 9.600 7.700
44 1.900 2.600
45 2.000 1.900
46 3.400 3.800
47 8.300 0.700
48 4.400 4.000
49 6.700 4.500
50 1.800 1.400
51 0.900 5.700
52 1.700 7.600
53 9.500 4.900
54 8.700 3.800
55 2.500 6.400
56 4.800 0.700
57 9.400 1.500
58 3.500 9.100
59 0.400 4.900
60 7.800 9.700
61 9.500 7.800
62 0.800 7.100
63 5.900 7.700
64 8.200 9.400
65 7.500 8.900
66 4.900 9.300
67 9.200 9.100
68 2.700 2.900
69 2.800 2.600
70 0.400 3.500
71 2.200 1.600
72 8.900 5.300
73 1.500 6.100
74 8.700 5.600
75 6.000 7.300
76 2.400 2.600
77 4.500 5.700
78 7.200 9.900
79 7.000 6.700
80 1.300 9.300
81 3.900 9.600
82 7.100 0.300
83 7.700 4.900
84 1.300 3.600
85 2.100 6.300
86 3.700 3.800
87 7.600 4.500
88 2.000 3.300
89 2.800 4.300
90 5.300 5.600
91 2.100 0.700
92 5.800 3.200
93 5.200 9.800
94 8.200 2.000
95 3.300 7.300
96 3.600 7.700
97 8.000 8.500
98 6.700 5.500
99 3.100 8.900
100 5.200 5.300
101 7.100 1.600
102 7.800 1.700
103 6.200 5.600
104 0.600 7.500
105 8.300 5.700
106 7.100 3.200
107 9.100 2.700
108 4.800 4.500
109 4.900 7.100
110 4.600 9.800
111 3.200 4.800
112 7.700 1.500
113 0.800 0.700
114 4.000 2.900
115 9.100 9.600
116 4.100 9.400
117 4.600 4.500
118 6.700 2.800
119 1.500 9.200
120 1.700 0.000
121 3.100 5.500
122 3.600 9.100
123 4.700 9.600
124 6.400 8.600
125 8.000 9.400
126 0.800 5.400
127 8.000 5.600
128 3.500 9.800
129 7.200 9.100
130 8.900 3.400
131 6.500 0.400
132 0.900 2.300
133 4.300 3.600
134 8.600 1.200
135 9.100 8.900
136 1.700 8.600
137 5.500 1.100
138 7.600 7.800
139 4.900 5.700
140 5.200 2.800
141 5.000 5.700
142 4.900 6.200
143 4.100 5.800
144 4.400 7.400
145 9.300 3.400
146 5.100 8.700
147 8.000 8.000
148 0.100 6.600
149 6.200 3.600
150 3.000 6.300
151 2.300 0.900
152 6.800 0.300
153 9.900 1.600
154 6.400 6.800
155 3.800 6.400
156 1.500 5.200
157 9.300 0.300
158 1.300 4.300
159 1.600 4.400
160 6.700 3.800
161 4.100 2.100
162 1.700 2.300
163 9.200 6.600
164 7.300 5.300
165 2.700 2.000
166 1.600 5.500
167 0.900 0.600
168 1.900 6.900
169 3.800 0.300
170 2.300 5.400
171 5.700 9.200
172 1.800 0.800
173 4.500 4.500
174 3.200 0.700
175 1.700 7.500
176 8.300 2.900
177 3.100 9.900
178 8.900 8.400
179 8.900 4.300
180 5.500 3.400
181 8.100 4.700
182 1.000 0.000
183 9.000 5.300
184 2.500 0.000
185 7.500 4.000
186 6.500 2.100
187 7.000 2.700
188 1.800 8.500
189 7.000 1.900
190 3.700 1.700
191 1.900 4.800
192 0.100 8.500
193 1.300 8.900
194 3.300 9.200
195 1.900 8.600
196 1.900 5.200
197 6.500 3.700
198 9.800 8.600
199 4.700 9.200
200 1.700 0.300
201 3.600 7.000
202 9.500 3.300
203 9.000 1.400
204 7.800 1.100
205 1.300 6.900
206 5.300 4.700
207 9.200 5.200
208 0.000 6.700
209 2.000 8.000
210 1.400 5.900
211 1.400 2.200
212 7.000 5.800
213 2.200 5.500
214 6.200 9.500
215 3.200 3.600
216 7.600 2.300
217 6.000 3.500
218 3.800 0.500
219 3.000 2.600
220 4.400 2.600
221 0.700 9.100
222 1.700 5.500
223 1.000 5.500
224 8.800 7.500
225 2.400 3.800
226 1.600 6.200
227 9.400 8.900
228 0.400 2.700
229 1.800 1.600
230 8.400 8.600
231 3.400 4.600
232 1.400 2.800
233 9.100 7.400
234 7.500 5.700
235 0.500 7.700
236 8.400 8.200
237 3.700 7.900
238 2.800 0.000
239 1.500 4.600
240 8.500 6.100
241 8.600 5.600
242 1.300 7.500
243 0.800 2.500
244 5.500 7.600
245 5.500 3.300
246 8.400 1.500
247 9.800 1.800
248 9.700 4.200
249 7.900 4.900
250 9.900 0.700
251 9.200 8.800
252 4.000 3.000
253 2.300 6.600
254 4.500 4.300
255 5.100 7.500
256 9.600 0.400
257 6.400 0.400
258 2.100 1.700
259 6.400 1.200
260 2.600 8.100
261 3.500 4.000
262 0.700 2.300
263 5.600 6.000
264 5.200 4.300
265 6.200 7.900
266 0.000 9.100
267 8.600 9.600
268 6.000 3.900
269 1.600 8.300
270 7.100 8.800
271 0.800 1.000
272 5.200 7.200
273 5.000 9.000
274 2.800 8.200
275 1.400 0.200
276 0.600 6.500
277 0.600 2.300
278 7.100 2.300
279 0.200 0.800
280 0.100 2.600
281 5.300 8.600
282 7.100 4.900
283 2.400 3.700
284 0.700 2.200
285 1.300 1.600
286 3.900 2.400
287 5.800 4.400
288 8.200 7.200
289 7.700 7.200
290 8.800 0.100
291 4.900 6.900
292 1.400 4.500
293 8.900 6.000
294 5.400 8.300
295 0.600 7.100
296 0.500 6.600
297 8.400 4.500
298 0.700 8.200
299 1.000 4.700
300 5.900 3.000
301 8.000 8.100
302 4.200 2.700
303 1.400 7.100
304 5.800 9.500
305 5.600 7.700
306 3.100 3.400
307 5.900 6.900
308 5.000 7.300
309 5.400 9.200
310 8.400 5.500
311 0.800 9.700
312 7.300 0.100
313 1.400 3.500
314 2.400 1.500
315 5.900 2.700
316 8.500 3.300
317 9.800 3.000
318 7.400 9.500
319 7.400 8.200
320 6.300 5.200
321 6.600 1.000
322 6.400 1.100
323 5.200 6.700
324 2.900 8.400
325 8.700 8.600
326 1.500 5.100
327 5.800 6.600
328 0.100 3.300
329 1.200 6.300
330 5.000 1.800
331 9.300 1.400
332 7.900 8.500
333 3.600 6.200
334 3.100 0.600
335 1.000 3.000
336 6.700 6.000
337 2.300 4.600
338 9.900 6.800
339 3.200 3.700
340 6.600 5.300
341 7.100 9.900
342 9.100 0.000
343 8.700 0.400
344 8.700 4.400
345 5.800 1.500
346 5.100 6.200
347 1.600 8.000
348 2.900 5.400
349 1.800 6.700
350 9.200 9.300
351 4.300 8.700
352 0.900 4.400
353 1.500 4.200
354 3.200 0.600
355 0.500 0.600
356 9.800 7.600
357 8.500 9.700
358 1.600 6.500
359 6.500 2.300
360 5.900 6.200
361 0.300 8.700
362 5.200 8.900
363 5.900 8.000
364 6.500 8.000
365 1.200 9.600
366 1.800 9.300
367 3.300 8.600
368 9.200 0.500
369 2.600 3.100
370 1.300 2.100
371 3.500 2.900
372 2.000 5.600
373 9.700 6.100
374 7.300 3.600
375 2.300 7.600
376 4.100 0.900
377 9.600 8.800
378 2.800 3.000
379 5.700 2.600
380 8.000 5.900
381 9.200 3.500
382 1.100 4.000
383 7.400 9.400
384 4.900 9.700
385 3.400 5.500
386 2.300 8.000
387 2.100 5.800
388 4.700 1.200
389 1.300 3.700
390 4.400 0.800
391 9.000 3.800
392 3.600 4.300
393 1.900 8.900
394 6.000 0.100
395 6.700 4.300
396 7.200 5.100
397 9.400 8.300
398 9.000 0.300
399 7.500 7.000
400 7.000 5.700
401 3.400 6.500
402 7.600 4.900
403 2.000 4.600
404 8.100 6.800
405 2.500 0.300
406 6.200 2.300
407 1.600 9.100
408 7.800 4.000
409 7.300 5.800
410 9.300 1.600
411 8.500 6.200
412 4.700 4.100
413 6.600 9.300
414 2.900 1.500
415 4.100 0.500
416 5.600 7.600
417 5.500 2.400
418 8.400 2.500
419 8.300 3.500
420 9.200 4.000
421 0.300 8.300
422 4.400 2.100
423 5.200 8.800
424 3.600 6.300
425 2.000 6.100
426 7.200 1.600
427 3.400 4.000
428 9.300 5.300
429 9.200 0.900
430 5.600 0.000
431 6.900 2.400
432 8.700 9.200
433 7.100 8.200
434 5.100 4.400
435 8.600 4.600
436 9.200 5.400
437 0.700 6.800
438 8.500 0.700
439 3.200 6.900
440 6.100 2.600
441 3.000 5.300
442 2.900 7.400
443 2.600 8.300
444 1.400 9.700
445 2.900 6.000
446 6.000 1.600
447 1.700 9.700
448 0.300 0.300
449 2.900 6.800
450 8.000 1.500
451 4.100 0.800
452 5.100 9.600
453 1.700 3.100
454 6.600 9.200
455 4.700 5.600
456 7.400 5.100
457 6.800 7.400
458 5.600 9.200
459 0.000 1.300
460 4.600 9.200
461 1.200 8.400
462 9.800 5.700
463 2.900 3.600
464 8.700 3.400
465 8.900 6.800
466 9.600 6.900
467 0.500 2.800
468 7.800 0.700
469 8.300 5.300
470 8.400 0.800
471 5.000 1.200
472 0.500 7.800
473 2.500 2.900
474 6.500 6.200
475 6.700 0.500
476 0.300 2.600
477 5.800 3.100
478 4.500 4.100
479 8.200 4.000
480 4.200 0.500
481 5.700 4.800
482 8.500 6.800
483 2.200 8.900
484 0.300 7.300
485 7.500 2.500
486 4.600 9.700
487 5.600 4.700
488 4.200 5.600
489 1.400 0.000
490 2.200 4.900
491 7.400 2.500
492 2.900 6.700
493 8.300 7.200
494 6.900 6.200
495 6.200 9.600
496 4.100 3.000
497 0.600 2.400
498 5.200 1.900
499 5.300 7.200
500 9.000 3.600
LISTA_ARISTAS_REQ :
(   1, 404)  coste     6.100    6.100
(   2, 298)  coste     0.800    0.800
(   2, 349)  coste     3.400    3.400
(   2, 375)  coste     3.000    3.000
(   4, 168)  coste     2.500    2.500
(   7, 305)  coste     7.800    7.800
(   7, 457)  coste     6.300    6.300
(   8, 169)  coste     5.700    5.700
(  10, 205)  coste     7.300    7.300
(  14, 208)  coste     9.200    9.200
(  15, 369)  coste     4.100    4.100
(  17, 36)  coste     13.500    13.500
(  18, 45)  coste     4.500    4.500
(  27, 122)  coste     7.700    7.700
(  31, 242)  coste     5.500    5.500
(  33, 408)  coste     7.800    7.800
(  34, 359)  coste     3.700    3.700
(  41, 256)  coste     14.400    14.400
(  43, 270)  coste     3.600    3.600
(  45, 96)  coste     7.400    7.400
(  45, 345)  coste     4.200    4.200
(  49, 75)  coste     3.500    3.500
(  49, 285)  coste     8.300    8.300
(  51, 468)  coste     11.900    11.900
(  53, 462)  coste     1.100    1.100
(  55, 358)  coste     1.000    1.000
(  58, 81)  coste     0.900    0.900
(  67, 202)  coste     6.100    6.100
(  69, 71)  coste     1.600    1.600
(  72, 163)  coste     1.600    1.600
(  73, 298)  coste     2.900    2.900
(  78, 405)  coste     14.300    14.300
(  83, 414)  coste     8.200    8.200
(  89, 204)  coste     8.200    8.200
(  89, 349)  coste     3.400    3.400
(  96, 161)  coste     6.100    6.100
(  97, 121)  coste     7.900    7.900
(  97, 326)  coste     9.900    9.900
(  98, 430)  coste     6.600    6.600
(  99, 339)  coste     5.300    5.300
(  100, 399)  coste     4.000    4.000
(  101, 283)  coste     6.800    6.800
(  105, 376)  coste     9.000    9.000
(  113, 226)  coste     6.300    6.300
(  114, 180)  coste     2.000    2.000
(  118, 305)  coste     6.000    6.000
(  125, 299)  coste     11.700    11.700
(  125, 468)  coste     8.900    8.900
(  130, 220)  coste     5.300    5.300
(  134, 354)  coste     6.000    6.000
(  143, 245)  coste     3.900    3.900
(  147, 371)  coste     9.600    9.600
(  148, 198)  coste     11.700    11.700
(  153, 399)  coste     7.800    7.800
(  156, 333)  coste     3.100    3.100
(  158, 444)  coste     5.500    5.500
(  158, 474)  coste     7.100    7.100
(  159, 414)  coste     4.200    4.200
(  170, 275)  coste     6.100    6.100
(  171, 172)  coste     12.300    12.300
(  179, 216)  coste     3.300    3.300
(  194, 433)  coste     4.800    4.800
(  200, 438)  coste     7.200    7.200
(  203, 497)  coste     9.400    9.400
(  210, 398)  coste     13.200    13.200
(  219, 302)  coste     1.300    1.300
(  220, 322)  coste     3.500    3.500
(  220, 416)  coste     6.200    6.200
(  223, 346)  coste     4.800    4.800
(  234, 397)  coste     4.500    4.500
(  244, 250)  coste     11.300    11.300
(  249, 421)  coste     11.000    11.000
(  252, 417)  coste     2.100    2.100
(  253, 332)  coste     7.500    7.500
(  257, 475)  coste     0.400    0.400
(  259, 492)  coste     9.000    9.000
(  260, 375)  coste     0.800    0.800
(  262, 303)  coste     5.500    5.500
(  264, 287)  coste     0.700    0.700
(  272, 295)  coste     4.700    4.700
(  274, 436)  coste     9.200    9.200
(  278, 430)  coste     3.800    3.800
(  281, 398)  coste     12.000    12.000
(  281, 408)  coste     7.100    7.100
(  287, 333)  coste     4.000    4.000
(  292, 492)  coste     3.700    3.700
(  296, 359)  coste     10.300    10.300
(  300, 447)  coste     10.900    10.900
(  307, 469)  coste     4.000    4.000
(  312, 410)  coste     3.500    3.500
(  317, 434)  coste     6.100    6.100
(  332, 397)  coste     1.700    1.700
(  339, 451)  coste     3.800    3.800
(  370, 432)  coste     14.500    14.500
(  371, 453)  coste     2.000    2.000
(  395, 455)  coste     3.300    3.300
(  398, 477)  coste     6.000    6.000
(  445, 464)  coste     8.400    8.400
(  448, 454)  coste     15.200    15.200
(  465, 500)  coste     3.300    3.300
LISTA_ARISTAS_NOREQ :
(   1, 37)  coste     3.100    3.100
(   1, 53)  coste     5.600    5.600
(   1, 143)  coste     1.300    1.300
(   1, 166)  coste     3.500    3.500
(   1, 191)  coste     2.500    2.500
(   1, 240)  coste     5.800    5.800
(   1, 365)  coste     8.000    8.000
(   1, 384)  coste     5.800    5.800
(   1, 397)  coste     8.900    8.900
(   1, 421)  coste     7.600    7.600
(   1, 445)  coste     2.700    2.700
(   1, 467)  coste     5.500    5.500
(   1, 470)  coste     8.000    8.000
(   2, 19)  coste     6.700    6.700
(   2, 110)  coste     4.700    4.700
(   2, 158)  coste     5.300    5.300
(   2, 186)  coste     12.700    12.700
(   2, 234)  coste     10.100    10.100
(   2, 373)  coste     11.900    11.900
(   2, 402)  coste     11.000    11.000
(   2, 417)  coste     11.400    11.400
(   3, 57)  coste     11.400    11.400
(   3, 72)  coste     7.100    7.100
(   3, 104)  coste     3.400    3.400
(   3, 127)  coste     6.300    6.300
(   3, 284)  coste     4.400    4.400
(   3, 296)  coste     2.600    2.600
(   3, 310)  coste     6.600    6.600
(   3, 394)  coste     9.400    9.400
(   3, 437)  coste     2.600    2.600
(   4, 36)  coste     7.300    7.300
(   4, 39)  coste     1.000    1.000
(   4, 68)  coste     6.700    6.700
(   4, 105)  coste     9.500    9.500
(   4, 190)  coste     8.900    8.900
(   4, 225)  coste     5.500    5.500
(   4, 344)  coste     11.200    11.200
(   4, 403)  coste     4.700    4.700
(   4, 418)  coste     12.800    12.800
(   4, 438)  coste     14.700    14.700
(   4, 458)  coste     3.500    3.500
(   5, 61)  coste     13.600    13.600
(   5, 172)  coste     1.700    1.700
(   5, 232)  coste     4.100    4.100
(   5, 288)  coste     11.700    11.700
(   5, 289)  coste     11.200    11.200
(   5, 348)  coste     5.200    5.200
(   5, 403)  coste     5.300    5.300
(   5, 428)  coste     10.900    10.900
(   5, 474)  coste     9.000    9.000
(   6, 161)  coste     0.500    0.500
(   6, 421)  coste     10.500    10.500
(   6, 466)  coste     10.200    10.200
(   6, 470)  coste     5.100    5.100
(   7, 35)  coste     9.300    9.300
(   7, 164)  coste     3.900    3.900
(   7, 189)  coste     0.600    0.600
(   7, 255)  coste     8.100    8.100
(   7, 409)  coste     4.400    4.400
(   7, 414)  coste     4.300    4.300
(   7, 450)  coste     0.800    0.800
(   7, 454)  coste     8.300    8.300
(   7, 490)  coste     8.400    8.400
(   8, 143)  coste     1.300    1.300
(   8, 327)  coste     2.600    2.600
(   8, 358)  coste     4.500    4.500
(   8, 493)  coste     5.700    5.700
(   9, 15)  coste     3.000    3.000
(   9, 36)  coste     9.200    9.200
(   9, 77)  coste     0.800    0.800
(   9, 89)  coste     2.300    2.300
(   9, 108)  coste     1.900    1.900
(   9, 123)  coste     4.900    4.900
(   9, 236)  coste     7.200    7.200
(   9, 341)  coste     7.600    7.600
(   9, 359)  coste     5.800    5.800
(   9, 452)  coste     5.300    5.300
(  10, 35)  coste     5.500    5.500
(  10, 118)  coste     2.200    2.200
(  10, 292)  coste     5.800    5.800
(  10, 308)  coste     4.000    4.000
(  10, 431)  coste     2.800    2.800
(  11, 146)  coste     7.000    7.000
(  11, 164)  coste     3.000    3.000
(  11, 184)  coste     13.100    13.100
(  11, 265)  coste     5.100    5.100
(  11, 275)  coste     14.000    14.000
(  11, 412)  coste     6.800    6.800
(  12, 123)  coste     8.400    8.400
(  12, 125)  coste     11.500    11.500
(  12, 153)  coste     7.800    7.800
(  12, 228)  coste     2.800    2.800
(  12, 267)  coste     12.300    12.300
(  12, 287)  coste     4.300    4.300
(  12, 320)  coste     5.600    5.600
(  12, 341)  coste     11.100    11.100
(  12, 476)  coste     3.000    3.000
(  12, 482)  coste     9.400    9.400
(  13, 43)  coste     13.400    13.400
(  13, 166)  coste     5.000    5.000
(  13, 192)  coste     9.500    9.500
(  13, 197)  coste     6.300    6.300
(  13, 360)  coste     8.200    8.200
(  13, 482)  coste     11.400    11.400
(  14, 74)  coste     3.200    3.200
(  14, 78)  coste     6.000    6.000
(  14, 84)  coste     6.200    6.200
(  14, 118)  coste     1.600    1.600
(  14, 249)  coste     1.700    1.700
(  14, 333)  coste     5.100    5.100
(  14, 421)  coste     10.500    10.500
(  15, 26)  coste     1.200    1.200
(  15, 149)  coste     7.200    7.200
(  15, 234)  coste     6.400    6.400
(  16, 75)  coste     4.100    4.100
(  16, 124)  coste     4.400    4.400
(  16, 160)  coste     8.300    8.300
(  16, 201)  coste     2.000    2.000
(  16, 296)  coste     3.500    3.500
(  16, 396)  coste     7.500    7.500
(  16, 420)  coste     10.600    10.600
(  16, 476)  coste     7.700    7.700
(  17, 221)  coste     9.900    9.900
(  17, 429)  coste     6.800    6.800
(  18, 135)  coste     11.000    11.000
(  18, 293)  coste     7.900    7.900
(  18, 391)  coste     5.800    5.800
(  18, 409)  coste     6.100    6.100
(  18, 456)  coste     5.500    5.500
(  18, 465)  coste     8.700    8.700
(  18, 497)  coste     6.400    6.400
(  19, 67)  coste     5.300    5.300
(  19, 148)  coste     6.300    6.300
(  19, 174)  coste     9.100    9.100
(  19, 182)  coste     12.000    12.000
(  19, 194)  coste     4.300    4.300
(  19, 275)  coste     11.400    11.400
(  19, 459)  coste     11.700    11.700
(  19, 476)  coste     10.100    10.100
(  20, 23)  coste     3.500    3.500
(  20, 34)  coste     9.800    9.800
(  20, 130)  coste     7.400    7.400
(  20, 148)  coste     4.600    4.600
(  20, 224)  coste     8.600    8.600
(  20, 313)  coste     2.800    2.800
(  20, 317)  coste     8.700    8.700
(  20, 416)  coste     5.500    5.500
(  20, 486)  coste     6.600    6.600
(  21, 30)  coste     3.400    3.400
(  21, 123)  coste     6.100    6.100
(  21, 135)  coste     3.800    3.800
(  21, 256)  coste     8.000    8.000
(  21, 259)  coste     6.600    6.600
(  21, 294)  coste     4.100    4.100
(  21, 339)  coste     7.300    7.300
(  21, 362)  coste     4.900    4.900
(  21, 468)  coste     5.900    5.900
(  21, 491)  coste     4.300    4.300
(  22, 30)  coste     6.800    6.800
(  22, 373)  coste     11.800    11.800
(  22, 397)  coste     13.700    13.700
(  22, 427)  coste     3.800    3.800
(  22, 460)  coste     9.800    9.800
(  23, 59)  coste     5.900    5.900
(  23, 310)  coste     9.700    9.700
(  23, 351)  coste     8.800    8.800
(  23, 401)  coste     5.700    5.700
(  23, 476)  coste     3.700    3.700
(  24, 91)  coste     0.900    0.900
(  24, 131)  coste     5.600    5.600
(  24, 163)  coste     12.500    12.500
(  24, 174)  coste     2.000    2.000
(  24, 233)  coste     13.200    13.200
(  24, 409)  coste     9.800    9.800
(  24, 427)  coste     4.100    4.100
(  24, 490)  coste     3.800    3.800
(  25, 35)  coste     4.600    4.600
(  25, 59)  coste     5.500    5.500
(  25, 88)  coste     2.300    2.300
(  25, 263)  coste     5.000    5.000
(  25, 284)  coste     3.700    3.700
(  26, 36)  coste     11.800    11.800
(  26, 54)  coste     10.700    10.700
(  26, 282)  coste     8.000    8.000
(  26, 295)  coste     0.900    0.900
(  26, 297)  coste     9.700    9.700
(  26, 322)  coste     11.100    11.100
(  26, 461)  coste     2.800    2.800
(  26, 492)  coste     2.800    2.800
(  27, 72)  coste     9.200    9.200
(  27, 146)  coste     8.800    8.800
(  27, 169)  coste     1.700    1.700
(  27, 205)  coste     7.400    7.400
(  27, 249)  coste     7.800    7.800
(  27, 361)  coste     10.200    10.200
(  27, 406)  coste     3.500    3.500
(  27, 477)  coste     3.900    3.900
(  28, 80)  coste     11.000    11.000
(  28, 93)  coste     7.600    7.600
(  28, 113)  coste     11.700    11.700
(  28, 267)  coste     5.000    5.000
(  28, 306)  coste     6.700    6.700
(  28, 311)  coste     11.900    11.900
(  28, 319)  coste     3.800    3.800
(  28, 349)  coste     7.900    7.900
(  29, 200)  coste     12.400    12.400
(  29, 224)  coste     1.900    1.900
(  29, 268)  coste     4.500    4.500
(  29, 322)  coste     6.900    6.900
(  29, 348)  coste     6.100    6.100
(  29, 479)  coste     2.800    2.800
(  30, 163)  coste     5.000    5.000
(  30, 165)  coste     6.100    6.100
(  30, 168)  coste     6.600    6.600
(  30, 211)  coste     7.200    7.200
(  30, 313)  coste     5.900    5.900
(  30, 322)  coste     3.700    3.700
(  30, 382)  coste     5.700    5.700
(  31, 87)  coste     3.800    3.800
(  31, 98)  coste     2.100    2.100
(  32, 66)  coste     8.100    8.100
(  32, 232)  coste     10.900    10.900
(  32, 273)  coste     7.700    7.700
(  32, 437)  coste     9.800    9.800
(  32, 445)  coste     6.800    6.800
(  32, 461)  coste     10.900    10.900
(  33, 61)  coste     7.500    7.500
(  33, 137)  coste     8.400    8.400
(  33, 165)  coste     5.100    5.100
(  33, 189)  coste     9.100    9.100
(  33, 229)  coste     6.400    6.400
(  33, 258)  coste     6.000    6.000
(  33, 305)  coste     3.500    3.500
(  33, 383)  coste     7.000    7.000
(  33, 401)  coste     0.900    0.900
(  34, 103)  coste     7.300    7.300
(  34, 112)  coste     1.700    1.700
(  34, 247)  coste     1.700    1.700
(  34, 259)  coste     2.700    2.700
(  34, 323)  coste     9.400    9.400
(  34, 362)  coste     11.600    11.600
(  34, 396)  coste     5.800    5.800
(  34, 424)  coste     10.600    10.600
(  34, 469)  coste     4.900    4.900
(  35, 95)  coste     4.400    4.400
(  35, 120)  coste     5.300    5.300
(  35, 167)  coste     4.700    4.700
(  35, 353)  coste     0.900    0.900
(  35, 432)  coste     11.700    11.700
(  35, 474)  coste     6.500    6.500
(  35, 500)  coste     9.000    9.000
(  36, 76)  coste     13.600    13.600
(  36, 91)  coste     15.800    15.800
(  36, 250)  coste     10.400    10.400
(  36, 358)  coste     10.500    10.500
(  36, 360)  coste     6.500    6.500
(  36, 364)  coste     4.100    4.100
(  36, 398)  coste     9.900    9.900
(  36, 452)  coste     3.900    3.900
(  36, 468)  coste     10.100    10.100
(  37, 38)  coste     7.600    7.600
(  37, 60)  coste     7.600    7.600
(  37, 85)  coste     1.500    1.500
(  37, 178)  coste     7.400    7.400
(  37, 201)  coste     0.700    0.700
(  37, 231)  coste     2.300    2.300
(  37, 366)  coste     4.000    4.000
(  37, 375)  coste     1.800    1.800
(  37, 488)  coste     2.100    2.100
(  37, 497)  coste     6.900    6.900
(  38, 83)  coste     10.300    10.300
(  38, 113)  coste     0.800    0.800
(  38, 201)  coste     8.300    8.300
(  38, 244)  coste     10.800    10.800
(  38, 290)  coste     8.000    8.000
(  38, 309)  coste     12.300    12.300
(  38, 326)  coste     4.300    4.300
(  38, 361)  coste     9.100    9.100
(  38, 464)  coste     9.800    9.800
(  38, 497)  coste     2.500    2.500
(  39, 176)  coste     13.300    13.300
(  39, 257)  coste     13.900    13.900
(  39, 270)  coste     6.200    6.200
(  39, 380)  coste     10.000    10.000
(  39, 396)  coste     10.000    10.000
(  39, 404)  coste     9.200    9.200
(  40, 181)  coste     3.500    3.500
(  40, 408)  coste     2.500    2.500
(  40, 409)  coste     3.800    3.800
(  40, 443)  coste     8.400    8.400
(  40, 489)  coste     7.900    7.900
(  41, 140)  coste     7.600    7.600
(  41, 220)  coste     7.000    7.000
(  41, 304)  coste     7.300    7.300
(  41, 324)  coste     3.300    3.300
(  41, 351)  coste     5.000    5.000
(  41, 383)  coste     8.800    8.800
(  41, 451)  coste     8.500    8.500
(  42, 88)  coste     1.300    1.300
(  42, 131)  coste     8.700    8.700
(  42, 150)  coste     3.300    3.300
(  42, 184)  coste     5.100    5.100
(  42, 343)  coste     10.900    10.900
(  42, 494)  coste     7.100    7.100
(  43, 169)  coste     13.200    13.200
(  43, 173)  coste     8.300    8.300
(  43, 174)  coste     13.400    13.400
(  43, 192)  coste     10.300    10.300
(  43, 212)  coste     4.500    4.500
(  43, 247)  coste     6.100    6.100
(  44, 56)  coste     4.800    4.800
(  44, 102)  coste     6.800    6.800
(  44, 122)  coste     8.200    8.200
(  44, 162)  coste     0.500    0.500
(  44, 210)  coste     3.800    3.800
(  44, 271)  coste     2.700    2.700
(  44, 277)  coste     1.600    1.600
(  44, 289)  coste     10.400    10.400
(  44, 296)  coste     5.400    5.400
(  44, 301)  coste     11.600    11.600
(  44, 353)  coste     2.000    2.000
(  44, 366)  coste     6.800    6.800
(  44, 432)  coste     13.400    13.400
(  44, 453)  coste     0.700    0.700
(  44, 479)  coste     7.700    7.700
(  44, 483)  coste     6.600    6.600
(  45, 81)  coste     9.600    9.600
(  45, 105)  coste     10.100    10.100
(  45, 253)  coste     5.000    5.000
(  45, 311)  coste     9.000    9.000
(  45, 470)  coste     7.500    7.500
(  46, 342)  coste     9.500    9.500
(  46, 364)  coste     7.300    7.300
(  46, 469)  coste     6.400    6.400
(  47, 92)  coste     5.000    5.000
(  47, 101)  coste     2.100    2.100
(  47, 323)  coste     9.100    9.100
(  47, 324)  coste     13.100    13.100
(  47, 390)  coste     4.000    4.000
(  48, 85)  coste     4.600    4.600
(  48, 90)  coste     2.500    2.500
(  48, 239)  coste     3.500    3.500
(  48, 255)  coste     4.200    4.200
(  48, 276)  coste     6.300    6.300
(  48, 305)  coste     4.900    4.900
(  48, 367)  coste     5.700    5.700
(  48, 378)  coste     2.600    2.600
(  49, 56)  coste     5.700    5.700
(  49, 113)  coste     9.700    9.700
(  49, 465)  coste     4.500    4.500
(  50, 107)  coste     8.600    8.600
(  50, 168)  coste     5.600    5.600
(  50, 170)  coste     4.500    4.500
(  50, 176)  coste     8.000    8.000
(  50, 289)  coste     11.700    11.700
(  50, 309)  coste     11.400    11.400
(  51, 84)  coste     2.500    2.500
(  51, 281)  coste     7.300    7.300
(  51, 298)  coste     2.700    2.700
(  51, 335)  coste     2.800    2.800
(  51, 417)  coste     7.900    7.900
(  51, 473)  coste     4.400    4.400
(  52, 103)  coste     6.500    6.500
(  52, 142)  coste     4.600    4.600
(  52, 166)  coste     2.200    2.200
(  52, 201)  coste     2.500    2.500
(  52, 203)  coste     13.500    13.500
(  52, 217)  coste     8.400    8.400
(  52, 250)  coste     15.100    15.100
(  52, 260)  coste     1.400    1.400
(  52, 306)  coste     5.600    5.600
(  52, 378)  coste     5.700    5.700
(  52, 471)  coste     9.700    9.700
(  53, 117)  coste     5.300    5.300
(  53, 130)  coste     2.100    2.100
(  53, 150)  coste     7.900    7.900
(  53, 174)  coste     10.500    10.500
(  53, 343)  coste     5.300    5.300
(  53, 403)  coste     7.800    7.800
(  53, 404)  coste     3.300    3.300
(  53, 425)  coste     8.700    8.700
(  53, 436)  coste     0.800    0.800
(  53, 447)  coste     12.600    12.600
(  53, 477)  coste     5.500    5.500
(  53, 498)  coste     7.300    7.300
(  54, 264)  coste     4.000    4.000
(  54, 343)  coste     3.400    3.400
(  55, 149)  coste     6.500    6.500
(  55, 155)  coste     1.300    1.300
(  55, 165)  coste     4.600    4.600
(  55, 232)  coste     4.700    4.700
(  55, 245)  coste     6.100    6.100
(  55, 331)  coste     11.800    11.800
(  56, 148)  coste     10.600    10.600
(  56, 199)  coste     8.600    8.600
(  56, 392)  coste     4.800    4.800
(  56, 422)  coste     1.800    1.800
(  56, 457)  coste     8.700    8.700
(  56, 469)  coste     8.100    8.100
(  56, 471)  coste     0.700    0.700
(  57, 93)  coste     12.500    12.500
(  57, 187)  coste     3.600    3.600
(  57, 204)  coste     2.000    2.000
(  57, 225)  coste     9.300    9.300
(  57, 299)  coste     11.600    11.600
(  57, 361)  coste     16.300    16.300
(  57, 362)  coste     11.600    11.600
(  57, 447)  coste     15.900    15.900
(  58, 67)  coste     5.700    5.700
(  58, 115)  coste     6.100    6.100
(  58, 124)  coste     3.400    3.400
(  58, 128)  coste     0.700    0.700
(  58, 137)  coste     10.000    10.000
(  58, 290)  coste     14.300    14.300
(  58, 481)  coste     6.500    6.500
(  59, 186)  coste     8.900    8.900
(  59, 237)  coste     6.300    6.300
(  59, 262)  coste     2.900    2.900
(  59, 346)  coste     6.000    6.000
(  59, 350)  coste     13.200    13.200
(  59, 465)  coste     10.400    10.400
(  60, 176)  coste     7.300    7.300
(  60, 296)  coste     10.400    10.400
(  60, 442)  coste     7.200    7.200
(  61, 101)  coste     8.600    8.600
(  61, 131)  coste     10.400    10.400
(  61, 153)  coste     6.600    6.600
(  61, 207)  coste     2.900    2.900
(  61, 318)  coste     3.800    3.800
(  61, 337)  coste     10.400    10.400
(  61, 349)  coste     8.800    8.800
(  61, 367)  coste     7.000    7.000
(  61, 409)  coste     4.200    4.200
(  61, 456)  coste     4.800    4.800
(  61, 464)  coste     5.200    5.200
(  62, 296)  coste     0.800    0.800
(  62, 331)  coste     14.200    14.200
(  62, 342)  coste     15.400    15.400
(  62, 469)  coste     9.300    9.300
(  63, 99)  coste     4.000    4.000
(  63, 107)  coste     8.200    8.200
(  63, 129)  coste     2.700    2.700
(  63, 199)  coste     2.700    2.700
(  63, 212)  coste     3.000    3.000
(  63, 251)  coste     4.400    4.400
(  63, 373)  coste     5.400    5.400
(  63, 398)  coste     10.500    10.500
(  63, 442)  coste     3.300    3.300
(  63, 480)  coste     8.900    8.900
(  64, 179)  coste     5.800    5.800
(  64, 180)  coste     8.700    8.700
(  64, 185)  coste     6.100    6.100
(  64, 324)  coste     6.300    6.300
(  64, 396)  coste     5.300    5.300
(  64, 411)  coste     3.500    3.500
(  64, 481)  coste     7.100    7.100
(  65, 145)  coste     7.300    7.300
(  65, 221)  coste     7.000    7.000
(  65, 382)  coste     11.300    11.300
(  65, 407)  coste     6.100    6.100
(  65, 415)  coste     11.800    11.800
(  66, 162)  coste     10.200    10.200
(  66, 241)  coste     7.400    7.400
(  66, 283)  coste     8.100    8.100
(  66, 418)  coste     10.300    10.300
(  66, 462)  coste     8.500    8.500
(  67, 89)  coste     11.200    11.200
(  67, 209)  coste     8.300    8.300
(  67, 250)  coste     9.100    9.100
(  67, 368)  coste     8.600    8.600
(  68, 231)  coste     2.400    2.400
(  68, 257)  coste     6.200    6.200
(  68, 331)  coste     8.100    8.100
(  68, 344)  coste     7.500    7.500
(  68, 468)  coste     7.300    7.300
(  68, 493)  coste     9.900    9.900
(  69, 117)  coste     3.700    3.700
(  69, 155)  coste     4.800    4.800
(  69, 216)  coste     5.100    5.100
(  69, 408)  coste     6.400    6.400
(  69, 412)  coste     3.400    3.400
(  69, 472)  coste     7.500    7.500
(  69, 478)  coste     3.200    3.200
(  70, 194)  coste     8.600    8.600
(  70, 219)  coste     3.500    3.500
(  70, 238)  coste     5.900    5.900
(  70, 398)  coste     11.800    11.800
(  70, 426)  coste     8.700    8.700
(  70, 431)  coste     7.600    7.600
(  70, 442)  coste     6.400    6.400
(  70, 467)  coste     0.800    0.800
(  71, 178)  coste     13.500    13.500
(  71, 270)  coste     12.100    12.100
(  71, 271)  coste     2.000    2.000
(  71, 278)  coste     5.600    5.600
(  71, 301)  coste     12.300    12.300
(  71, 357)  coste     14.400    14.400
(  72, 155)  coste     6.200    6.200
(  72, 246)  coste     4.300    4.300
(  72, 305)  coste     5.700    5.700
(  72, 359)  coste     5.400    5.400
(  73, 88)  coste     3.300    3.300
(  73, 231)  coste     3.400    3.400
(  73, 449)  coste     2.100    2.100
(  73, 487)  coste     5.500    5.500
(  74, 78)  coste     5.800    5.800
(  74, 96)  coste     7.200    7.200
(  74, 137)  coste     7.700    7.700
(  74, 143)  coste     4.800    4.800
(  74, 261)  coste     6.800    6.800
(  74, 303)  coste     8.800    8.800
(  74, 350)  coste     4.200    4.200
(  74, 430)  coste     8.700    8.700
(  74, 461)  coste     10.300    10.300
(  74, 492)  coste     6.900    6.900
(  74, 497)  coste     11.300    11.300
(  75, 280)  coste     10.600    10.600
(  75, 281)  coste     2.000    2.000
(  75, 331)  coste     9.200    9.200
(  75, 364)  coste     1.200    1.200
(  75, 390)  coste     8.100    8.100
(  75, 445)  coste     4.400    4.400
(  76, 228)  coste     2.100    2.100
(  76, 319)  coste     10.600    10.600
(  76, 330)  coste     3.400    3.400
(  76, 435)  coste     8.200    8.200
(  77, 132)  coste     7.000    7.000
(  77, 191)  coste     3.500    3.500
(  77, 276)  coste     4.700    4.700
(  77, 287)  coste     2.600    2.600
(  77, 310)  coste     4.100    4.100
(  77, 440)  coste     4.700    4.700
(  77, 482)  coste     5.100    5.100
(  77, 487)  coste     2.100    2.100
(  78, 238)  coste     14.300    14.300
(  78, 245)  coste     8.300    8.300
(  78, 246)  coste     9.600    9.600
(  78, 328)  coste     13.700    13.700
(  78, 492)  coste     7.500    7.500
(  79, 113)  coste     12.200    12.200
(  79, 147)  coste     2.300    2.300
(  79, 151)  coste     10.500    10.500
(  79, 188)  coste     7.000    7.000
(  79, 241)  coste     2.700    2.700
(  79, 242)  coste     6.500    6.500
(  79, 343)  coste     8.000    8.000
(  79, 418)  coste     5.600    5.600
(  80, 181)  coste     11.400    11.400
(  80, 183)  coste     11.700    11.700
(  80, 315)  coste     11.200    11.200
(  80, 338)  coste     11.100    11.100
(  80, 352)  coste     5.300    5.300
(  80, 355)  coste     9.500    9.500
(  80, 365)  coste     0.400    0.400
(  81, 258)  coste     9.700    9.700
(  81, 357)  coste     4.700    4.700
(  81, 398)  coste     14.400    14.400
(  81, 412)  coste     6.300    6.300
(  81, 417)  coste     8.800    8.800
(  81, 438)  coste     13.500    13.500
(  81, 458)  coste     2.100    2.100
(  82, 146)  coste     10.400    10.400
(  82, 191)  coste     9.700    9.700
(  82, 205)  coste     12.400    12.400
(  82, 353)  coste     9.500    9.500
(  82, 368)  coste     2.300    2.300
(  82, 398)  coste     1.900    1.900
(  83, 115)  coste     6.100    6.100
(  83, 145)  coste     3.100    3.100
(  83, 329)  coste     7.900    7.900
(  83, 450)  coste     3.700    3.700
(  83, 480)  coste     7.900    7.900
(  84, 88)  coste     1.000    1.000
(  84, 127)  coste     8.700    8.700
(  84, 129)  coste     11.400    11.400
(  84, 442)  coste     5.400    5.400
(  85, 248)  coste     9.700    9.700
(  85, 271)  coste     6.600    6.600
(  85, 336)  coste     4.900    4.900
(  85, 338)  coste     8.300    8.300
(  85, 343)  coste     12.500    12.500
(  86, 110)  coste     6.900    6.900
(  86, 186)  coste     4.500    4.500
(  86, 192)  coste     8.300    8.300
(  86, 374)  coste     3.800    3.800
(  86, 443)  coste     5.600    5.600
(  86, 500)  coste     5.500    5.500
(  87, 102)  coste     3.000    3.000
(  87, 182)  coste     11.100    11.100
(  87, 226)  coste     7.700    7.700
(  87, 386)  coste     8.800    8.800
(  87, 484)  coste     10.100    10.100
(  88, 178)  coste     12.000    12.000
(  88, 282)  coste     6.700    6.700
(  88, 303)  coste     4.400    4.400
(  88, 353)  coste     1.400    1.400
(  88, 365)  coste     7.100    7.100
(  88, 388)  coste     4.800    4.800
(  88, 469)  coste     8.300    8.300
(  89, 146)  coste     6.700    6.700
(  89, 234)  coste     6.100    6.100
(  89, 246)  coste     8.400    8.400
(  89, 306)  coste     1.200    1.200
(  89, 392)  coste     0.800    0.800
(  89, 465)  coste     8.600    8.600
(  89, 478)  coste     1.900    1.900
(  90, 146)  coste     3.300    3.300
(  90, 169)  coste     6.800    6.800
(  90, 179)  coste     4.900    4.900
(  90, 187)  coste     4.600    4.600
(  90, 225)  coste     4.700    4.700
(  90, 228)  coste     7.800    7.800
(  90, 251)  coste     7.100    7.100
(  90, 345)  coste     4.600    4.600
(  90, 364)  coste     3.600    3.600
(  90, 408)  coste     4.100    4.100
(  90, 416)  coste     2.300    2.300
(  90, 423)  coste     3.300    3.300
(  91, 113)  coste     1.300    1.300
(  91, 133)  coste     5.100    5.100
(  91, 134)  coste     7.000    7.000
(  91, 206)  coste     7.200    7.200
(  91, 272)  coste     9.600    9.600
(  91, 299)  coste     5.100    5.100
(  91, 347)  coste     7.800    7.800
(  91, 406)  coste     5.700    5.700
(  91, 451)  coste     2.100    2.100
(  91, 471)  coste     3.400    3.400
(  92, 280)  coste     6.300    6.300
(  92, 282)  coste     3.000    3.000
(  92, 283)  coste     3.900    3.900
(  92, 308)  coste     4.900    4.900
(  92, 472)  coste     9.900    9.900
(  93, 141)  coste     4.300    4.300
(  93, 168)  coste     6.200    6.200
(  93, 182)  coste     14.000    14.000
(  93, 279)  coste     14.000    14.000
(  94, 268)  coste     4.100    4.100
(  94, 330)  coste     3.400    3.400
(  94, 397)  coste     7.500    7.500
(  94, 417)  coste     3.100    3.100
(  95, 143)  coste     2.300    2.300
(  95, 394)  coste     9.900    9.900
(  95, 416)  coste     2.600    2.600
(  95, 478)  coste     4.400    4.400
(  95, 489)  coste     9.200    9.200
(  95, 499)  coste     2.100    2.100
(  96, 129)  coste     5.000    5.000
(  96, 166)  coste     4.200    4.200
(  96, 217)  coste     6.600    6.600
(  96, 375)  coste     1.400    1.400
(  97, 119)  coste     7.200    7.200
(  97, 120)  coste     14.800    14.800
(  97, 122)  coste     5.000    5.000
(  97, 203)  coste     8.100    8.100
(  97, 258)  coste     12.700    12.700
(  97, 303)  coste     8.000    8.000
(  97, 370)  coste     13.100    13.100
(  97, 403)  coste     9.900    9.900
(  97, 434)  coste     7.000    7.000
(  97, 447)  coste     7.500    7.500
(  98, 131)  coste     5.300    5.300
(  98, 204)  coste     5.500    5.500
(  98, 280)  coste     9.500    9.500
(  98, 333)  coste     3.800    3.800
(  98, 361)  coste     9.600    9.600
(  98, 414)  coste     7.800    7.800
(  98, 446)  coste     4.600    4.600
(  99, 137)  coste     10.200    10.200
(  99, 151)  coste     8.800    8.800
(  99, 163)  coste     8.400    8.400
(  99, 198)  coste     7.000    7.000
(  99, 214)  coste     3.700    3.700
(  99, 409)  coste     7.300    7.300
(  100, 129)  coste     5.800    5.800
(  100, 173)  coste     1.500    1.500
(  100, 287)  coste     1.500    1.500
(  100, 320)  coste     1.200    1.200
(  100, 340)  coste     1.400    1.400
(  100, 359)  coste     4.300    4.300
(  100, 420)  coste     5.300    5.300
(  101, 107)  coste     3.100    3.100
(  101, 182)  coste     7.700    7.700
(  101, 206)  coste     4.900    4.900
(  101, 243)  coste     7.200    7.200
(  101, 251)  coste     9.300    9.300
(  101, 354)  coste     4.900    4.900
(  101, 423)  coste     9.100    9.100
(  101, 429)  coste     2.800    2.800
(  102, 119)  coste     13.800    13.800
(  102, 140)  coste     3.700    3.700
(  102, 174)  coste     5.600    5.600
(  102, 188)  coste     12.800    12.800
(  102, 277)  coste     7.800    7.800
(  102, 372)  coste     9.700    9.700
(  103, 347)  coste     7.000    7.000
(  103, 459)  coste     10.500    10.500
(  104, 188)  coste     2.200    2.200
(  104, 217)  coste     9.400    9.400
(  104, 276)  coste     1.000    1.000
(  104, 365)  coste     2.700    2.700
(  104, 397)  coste     9.600    9.600
(  104, 454)  coste     7.700    7.700
(  104, 463)  coste     6.200    6.200
(  105, 141)  coste     3.300    3.300
(  105, 178)  coste     3.300    3.300
(  105, 247)  coste     5.400    5.400
(  105, 288)  coste     1.600    1.600
(  105, 432)  coste     3.900    3.900
(  105, 482)  coste     1.300    1.300
(  106, 110)  coste     9.100    9.100
(  106, 173)  coste     3.900    3.900
(  106, 212)  coste     2.700    2.700
(  106, 347)  coste     10.300    10.300
(  106, 360)  coste     4.200    4.200
(  106, 437)  coste     10.000    10.000
(  107, 130)  coste     0.900    0.900
(  107, 144)  coste     9.400    9.400
(  107, 208)  coste     13.100    13.100
(  107, 302)  coste     4.900    4.900
(  108, 240)  coste     5.300    5.300
(  108, 374)  coste     3.400    3.400
(  108, 428)  coste     5.300    5.300
(  109, 179)  coste     6.800    6.800
(  109, 327)  coste     1.400    1.400
(  109, 364)  coste     2.500    2.500
(  109, 460)  coste     2.400    2.400
(  109, 461)  coste     5.000    5.000
(  110, 151)  coste     11.200    11.200
(  110, 236)  coste     5.400    5.400
(  110, 297)  coste     9.100    9.100
(  110, 337)  coste     7.500    7.500
(  110, 385)  coste     5.500    5.500
(  110, 476)  coste     11.500    11.500
(  110, 497)  coste     11.400    11.400
(  111, 248)  coste     7.100    7.100
(  111, 362)  coste     6.100    6.100
(  111, 438)  coste     9.400    9.400
(  111, 485)  coste     6.600    6.600
(  112, 197)  coste     3.400    3.400
(  112, 240)  coste     5.400    5.400
(  112, 251)  coste     8.800    8.800
(  112, 323)  coste     7.700    7.700
(  112, 349)  coste     11.100    11.100
(  112, 428)  coste     5.400    5.400
(  112, 483)  coste     12.900    12.900
(  112, 499)  coste     8.100    8.100
(  113, 455)  coste     8.800    8.800
(  114, 133)  coste     1.000    1.000
(  114, 226)  coste     5.700    5.700
(  114, 292)  coste     4.200    4.200
(  114, 349)  coste     6.000    6.000
(  114, 352)  coste     4.600    4.600
(  114, 439)  coste     4.800    4.800
(  115, 141)  coste     8.000    8.000
(  115, 291)  coste     6.900    6.900
(  115, 375)  coste     8.800    8.800
(  115, 390)  coste     13.500    13.500
(  115, 469)  coste     5.100    5.100
(  116, 164)  coste     7.300    7.300
(  116, 217)  coste     7.800    7.800
(  116, 306)  coste     7.000    7.000
(  116, 308)  coste     3.000    3.000
(  116, 333)  coste     3.700    3.700
(  116, 381)  coste     11.000    11.000
(  116, 462)  coste     9.400    9.400
(  117, 160)  coste     2.800    2.800
(  117, 231)  coste     1.300    1.300
(  117, 336)  coste     3.600    3.600
(  117, 388)  coste     3.400    3.400
(  117, 417)  coste     3.000    3.000
(  117, 418)  coste     5.800    5.800
(  117, 449)  coste     4.000    4.000
(  118, 205)  coste     9.500    9.500
(  118, 211)  coste     5.900    5.900
(  118, 372)  coste     7.500    7.500
(  118, 479)  coste     2.700    2.700
(  119, 152)  coste     14.200    14.200
(  119, 167)  coste     9.200    9.200
(  119, 203)  coste     15.300    15.300
(  119, 444)  coste     0.600    0.600
(  119, 466)  coste     10.400    10.400
(  119, 483)  coste     1.000    1.000
(  119, 484)  coste     3.100    3.100
(  119, 492)  coste     3.900    3.900
(  120, 246)  coste     8.200    8.200
(  120, 371)  coste     4.700    4.700
(  120, 394)  coste     4.400    4.400
(  120, 396)  coste     10.600    10.600
(  120, 421)  coste     9.700    9.700
(  120, 488)  coste     8.100    8.100
(  121, 130)  coste     7.900    7.900
(  121, 135)  coste     9.400    9.400
(  121, 160)  coste     5.300    5.300
(  121, 190)  coste     4.400    4.400
(  121, 225)  coste     2.400    2.400
(  121, 310)  coste     5.300    5.300
(  121, 339)  coste     1.900    1.900
(  122, 124)  coste     3.300    3.300
(  122, 180)  coste     7.600    7.600
(  122, 195)  coste     2.200    2.200
(  122, 275)  coste     11.100    11.100
(  122, 424)  coste     2.800    2.800
(  122, 456)  coste     7.800    7.800
(  123, 201)  coste     3.700    3.700
(  123, 258)  coste     10.500    10.500
(  123, 286)  coste     8.000    8.000
(  123, 322)  coste     10.200    10.200
(  123, 336)  coste     5.600    5.600
(  123, 339)  coste     7.400    7.400
(  123, 435)  coste     8.900    8.900
(  123, 490)  coste     7.200    7.200
(  124, 235)  coste     6.800    6.800
(  124, 469)  coste     5.200    5.200
(  125, 177)  coste     5.400    5.400
(  125, 304)  coste     2.300    2.300
(  125, 328)  coste     14.000    14.000
(  125, 360)  coste     5.300    5.300
(  125, 384)  coste     3.400    3.400
(  125, 435)  coste     5.400    5.400
(  125, 490)  coste     10.300    10.300
(  126, 165)  coste     5.300    5.300
(  126, 189)  coste     9.700    9.700
(  126, 203)  coste     12.200    12.200
(  126, 295)  coste     1.900    1.900
(  126, 330)  coste     7.800    7.800
(  126, 365)  coste     4.600    4.600
(  126, 373)  coste     9.600    9.600
(  126, 417)  coste     7.700    7.700
(  126, 434)  coste     5.300    5.300
(  127, 154)  coste     2.800    2.800
(  127, 175)  coste     8.200    8.200
(  127, 237)  coste     6.600    6.600
(  127, 244)  coste     4.500    4.500
(  127, 332)  coste     3.000    3.000
(  127, 438)  coste     5.400    5.400
(  127, 499)  coste     4.300    4.300
(  128, 168)  coste     4.500    4.500
(  128, 338)  coste     9.400    9.400
(  128, 415)  coste     9.900    9.900
(  129, 138)  coste     1.700    1.700
(  129, 252)  coste     9.300    9.300
(  129, 371)  coste     9.900    9.900
(  129, 401)  coste     6.400    6.400
(  129, 460)  coste     2.700    2.700
(  130, 331)  coste     2.400    2.400
(  130, 341)  coste     8.300    8.300
(  131, 237)  coste     10.300    10.300
(  131, 242)  coste     12.300    12.300
(  131, 256)  coste     3.100    3.100
(  131, 379)  coste     3.000    3.000
(  131, 398)  coste     2.600    2.600
(  131, 409)  coste     6.200    6.200
(  132, 307)  coste     9.600    9.600
(  132, 324)  coste     8.100    8.100
(  132, 334)  coste     3.900    3.900
(  132, 350)  coste     15.300    15.300
(  132, 467)  coste     0.900    0.900
(  133, 154)  coste     5.300    5.300
(  133, 213)  coste     4.000    4.000
(  133, 471)  coste     3.100    3.100
(  134, 187)  coste     3.100    3.100
(  134, 229)  coste     7.200    7.200
(  134, 272)  coste     9.400    9.400
(  134, 315)  coste     4.200    4.200
(  134, 322)  coste     2.300    2.300
(  134, 477)  coste     4.700    4.700
(  135, 181)  coste     5.200    5.200
(  135, 231)  coste     10.000    10.000
(  135, 251)  coste     0.200    0.200
(  135, 285)  coste     15.100    15.100
(  136, 278)  coste     11.700    11.700
(  136, 281)  coste     3.600    3.600
(  136, 341)  coste     6.700    6.700
(  137, 193)  coste     12.000    12.000
(  137, 211)  coste     5.200    5.200
(  137, 396)  coste     5.700    5.700
(  137, 426)  coste     2.200    2.200
(  137, 441)  coste     6.700    6.700
(  138, 168)  coste     6.600    6.600
(  138, 185)  coste     3.900    3.900
(  138, 191)  coste     8.700    8.700
(  138, 253)  coste     6.500    6.500
(  138, 274)  coste     5.200    5.200
(  138, 312)  coste     8.000    8.000
(  138, 446)  coste     7.800    7.800
(  138, 484)  coste     7.800    7.800
(  139, 171)  coste     4.300    4.300
(  139, 190)  coste     5.200    5.200
(  139, 236)  coste     6.000    6.000
(  139, 284)  coste     7.700    7.700
(  139, 296)  coste     5.300    5.300
(  139, 453)  coste     5.800    5.800
(  140, 222)  coste     6.200    6.200
(  140, 243)  coste     4.700    4.700
(  140, 265)  coste     6.100    6.100
(  140, 275)  coste     6.400    6.400
(  140, 329)  coste     7.500    7.500
(  140, 350)  coste     10.500    10.500
(  140, 389)  coste     4.800    4.800
(  140, 413)  coste     7.900    7.900
(  140, 416)  coste     5.200    5.200
(  140, 447)  coste     10.400    10.400
(  141, 159)  coste     4.700    4.700
(  141, 270)  coste     5.200    5.200
(  141, 276)  coste     5.200    5.200
(  141, 336)  coste     2.000    2.000
(  141, 414)  coste     6.300    6.300
(  141, 460)  coste     3.900    3.900
(  141, 483)  coste     6.000    6.000
(  142, 184)  coste     8.600    8.600
(  142, 202)  coste     7.500    7.500
(  142, 254)  coste     2.300    2.300
(  142, 331)  coste     9.200    9.200
(  142, 354)  coste     7.300    7.300
(  142, 435)  coste     5.300    5.300
(  142, 472)  coste     6.000    6.000
(  142, 500)  coste     6.700    6.700
(  143, 154)  coste     3.300    3.300
(  143, 268)  coste     3.800    3.800
(  143, 317)  coste     8.500    8.500
(  144, 184)  coste     9.300    9.300
(  144, 495)  coste     4.000    4.000
(  145, 162)  coste     8.700    8.700
(  145, 196)  coste     9.200    9.200
(  145, 275)  coste     11.100    11.100
(  145, 297)  coste     2.000    2.000
(  145, 300)  coste     3.800    3.800
(  145, 325)  coste     5.800    5.800
(  145, 328)  coste     9.300    9.300
(  145, 349)  coste     10.800    10.800
(  145, 405)  coste     9.900    9.900
(  145, 417)  coste     4.800    4.800
(  145, 431)  coste     3.400    3.400
(  145, 483)  coste     12.600    12.600
(  146, 223)  coste     7.300    7.300
(  146, 269)  coste     3.900    3.900
(  146, 365)  coste     4.800    4.800
(  146, 390)  coste     8.600    8.600
(  146, 414)  coste     9.400    9.400
(  146, 457)  coste     3.000    3.000
(  147, 373)  coste     3.600    3.600
(  147, 414)  coste     11.600    11.600
(  147, 415)  coste     11.400    11.400
(  147, 428)  coste     4.000    4.000
(  147, 445)  coste     7.100    7.100
(  147, 491)  coste     6.100    6.100
(  148, 166)  coste     2.600    2.600
(  148, 310)  coste     9.400    9.400
(  148, 340)  coste     7.800    7.800
(  148, 362)  coste     7.400    7.400
(  149, 212)  coste     3.000    3.000
(  149, 317)  coste     4.200    4.200
(  149, 323)  coste     4.100    4.100
(  150, 220)  coste     5.100    5.100
(  150, 241)  coste     6.300    6.300
(  150, 261)  coste     2.800    2.800
(  150, 346)  coste     2.200    2.200
(  150, 411)  coste     5.600    5.600
(  150, 489)  coste     7.900    7.900
(  150, 496)  coste     4.400    4.400
(  152, 215)  coste     6.900    6.900
(  152, 227)  coste     11.200    11.200
(  152, 383)  coste     9.700    9.700
(  152, 425)  coste     10.600    10.600
(  152, 476)  coste     8.800    8.800
(  153, 185)  coste     4.800    4.800
(  153, 213)  coste     11.600    11.600
(  153, 223)  coste     12.800    12.800
(  153, 437)  coste     14.400    14.400
(  154, 155)  coste     3.000    3.000
(  154, 200)  coste     11.200    11.200
(  154, 203)  coste     8.000    8.000
(  154, 354)  coste     9.400    9.400
(  154, 422)  coste     6.700    6.700
(  154, 430)  coste     7.600    7.600
(  154, 486)  coste     4.700    4.700
(  155, 219)  coste     4.600    4.600
(  155, 352)  coste     4.900    4.900
(  155, 392)  coste     2.300    2.300
(  155, 456)  coste     4.900    4.900
(  155, 479)  coste     6.800    6.800
(  156, 178)  coste     10.600    10.600
(  156, 263)  coste     4.900    4.900
(  156, 371)  coste     4.300    4.300
(  156, 439)  coste     3.400    3.400
(  156, 443)  coste     4.200    4.200
(  156, 472)  coste     3.600    3.600
(  157, 181)  coste     5.600    5.600
(  157, 261)  coste     9.500    9.500
(  157, 262)  coste     10.600    10.600
(  157, 275)  coste     8.000    8.000
(  157, 335)  coste     11.000    11.000
(  157, 420)  coste     3.800    3.800
(  157, 426)  coste     3.400    3.400
(  158, 163)  coste     10.200    10.200
(  159, 255)  coste     6.600    6.600
(  159, 495)  coste     9.800    9.800
(  160, 185)  coste     1.000    1.000
(  160, 252)  coste     3.500    3.500
(  160, 331)  coste     5.000    5.000
(  160, 443)  coste     8.600    8.600
(  161, 305)  coste     7.100    7.100
(  161, 418)  coste     4.700    4.700
(  161, 482)  coste     9.100    9.100
(  162, 227)  coste     14.300    14.300
(  162, 269)  coste     6.100    6.100
(  162, 278)  coste     5.400    5.400
(  162, 292)  coste     2.500    2.500
(  162, 348)  coste     4.300    4.300
(  162, 373)  coste     11.800    11.800
(  162, 500)  coste     8.600    8.600
(  163, 167)  coste     14.300    14.300
(  163, 174)  coste     11.900    11.900
(  163, 179)  coste     2.600    2.600
(  163, 204)  coste     6.900    6.900
(  163, 304)  coste     6.300    6.300
(  163, 332)  coste     3.200    3.200
(  163, 407)  coste     10.100    10.100
(  164, 242)  coste     8.200    8.200
(  164, 403)  coste     6.000    6.000
(  164, 485)  coste     3.000    3.000
(  164, 492)  coste     5.800    5.800
(  164, 495)  coste     5.400    5.400
(  165, 181)  coste     8.100    8.100
(  165, 349)  coste     5.600    5.600
(  165, 483)  coste     7.400    7.400
(  166, 181)  coste     7.300    7.300
(  166, 408)  coste     7.700    7.700
(  166, 433)  coste     8.200    8.200
(  166, 478)  coste     4.300    4.300
(  167, 217)  coste     8.000    8.000
(  167, 326)  coste     5.100    5.100
(  167, 349)  coste     7.000    7.000
(  167, 364)  coste     13.000    13.000
(  167, 388)  coste     4.400    4.400
(  167, 406)  coste     7.000    7.000
(  167, 472)  coste     7.600    7.600
(  168, 202)  coste     11.200    11.200
(  168, 233)  coste     7.700    7.700
(  168, 339)  coste     4.500    4.500
(  168, 448)  coste     8.200    8.200
(  168, 458)  coste     6.000    6.000
(  169, 245)  coste     4.700    4.700
(  169, 257)  coste     2.700    2.700
(  169, 290)  coste     5.200    5.200
(  169, 294)  coste     9.600    9.600
(  169, 404)  coste     10.800    10.800
(  169, 434)  coste     5.400    5.400
(  170, 258)  coste     3.900    3.900
(  170, 362)  coste     6.400    6.400
(  170, 467)  coste     4.400    4.400
(  171, 246)  coste     10.400    10.400
(  171, 247)  coste     11.500    11.500
(  171, 258)  coste     11.100    11.100
(  171, 287)  coste     4.900    4.900
(  171, 314)  coste     11.000    11.000
(  171, 438)  coste     11.300    11.300
(  171, 459)  coste     13.600    13.600
(  171, 463)  coste     8.400    8.400
(  171, 478)  coste     6.300    6.300
(  171, 479)  coste     7.700    7.700
(  171, 481)  coste     4.400    4.400
(  172, 225)  coste     3.600    3.600
(  172, 320)  coste     8.900    8.900
(  172, 328)  coste     4.200    4.200
(  172, 331)  coste     8.100    8.100
(  172, 352)  coste     4.500    4.500
(  172, 359)  coste     6.200    6.200
(  172, 458)  coste     12.200    12.200
(  173, 206)  coste     1.000    1.000
(  173, 268)  coste     2.100    2.100
(  173, 294)  coste     4.700    4.700
(  173, 480)  coste     4.300    4.300
(  174, 183)  coste     10.400    10.400
(  174, 280)  coste     5.000    5.000
(  174, 289)  coste     11.000    11.000
(  174, 401)  coste     6.000    6.000
(  174, 463)  coste     3.200    3.200
(  175, 197)  coste     8.600    8.600
(  175, 225)  coste     4.400    4.400
(  175, 258)  coste     6.200    6.200
(  175, 286)  coste     7.300    7.300
(  175, 289)  coste     6.300    6.300
(  175, 348)  coste     3.300    3.300
(  175, 413)  coste     6.700    6.700
(  175, 428)  coste     9.800    9.800
(  175, 444)  coste     2.500    2.500
(  176, 264)  coste     4.500    4.500
(  176, 287)  coste     4.000    4.000
(  176, 308)  coste     7.700    7.700
(  176, 316)  coste     0.600    0.600
(  176, 325)  coste     6.100    6.100
(  176, 341)  coste     8.200    8.200
(  176, 458)  coste     9.000    9.000
(  177, 201)  coste     3.400    3.400
(  177, 283)  coste     6.900    6.900
(  177, 324)  coste     1.700    1.700
(  177, 495)  coste     3.400    3.400
(  177, 497)  coste     10.000    10.000
(  178, 228)  coste     14.200    14.200
(  178, 270)  coste     2.200    2.200
(  178, 357)  coste     1.700    1.700
(  179, 264)  coste     3.700    3.700
(  179, 287)  coste     3.200    3.200
(  179, 294)  coste     7.500    7.500
(  179, 344)  coste     0.300    0.300
(  180, 241)  coste     5.300    5.300
(  180, 338)  coste     7.800    7.800
(  180, 377)  coste     9.500    9.500
(  180, 458)  coste     5.900    5.900
(  181, 258)  coste     9.000    9.000
(  181, 329)  coste     8.500    8.500
(  181, 360)  coste     3.700    3.700
(  181, 377)  coste     5.600    5.600
(  181, 381)  coste     2.300    2.300
(  181, 382)  coste     7.700    7.700
(  182, 201)  coste     9.600    9.600
(  182, 456)  coste     11.500    11.500
(  183, 195)  coste     10.400    10.400
(  183, 247)  coste     4.300    4.300
(  183, 279)  coste     13.300    13.300
(  183, 306)  coste     7.800    7.800
(  183, 467)  coste     11.000    11.000
(  184, 435)  coste     10.700    10.700
(  185, 249)  coste     1.300    1.300
(  185, 291)  coste     5.500    5.500
(  185, 343)  coste     4.800    4.800
(  185, 402)  coste     1.000    1.000
(  185, 426)  coste     2.700    2.700
(  186, 187)  coste     1.100    1.100
(  186, 307)  coste     5.400    5.400
(  186, 340)  coste     3.300    3.300
(  186, 366)  coste     11.900    11.900
(  186, 491)  coste     1.300    1.300
(  187, 201)  coste     7.700    7.700
(  187, 209)  coste     10.300    10.300
(  187, 211)  coste     6.100    6.100
(  187, 239)  coste     7.400    7.400
(  187, 278)  coste     0.500    0.500
(  187, 389)  coste     6.700    6.700
(  188, 218)  coste     10.000    10.000
(  188, 261)  coste     6.200    6.200
(  188, 285)  coste     7.400    7.400
(  188, 315)  coste     9.900    9.900
(  189, 266)  coste     14.200    14.200
(  189, 303)  coste     10.800    10.800
(  189, 474)  coste     4.800    4.800
(  190, 292)  coste     5.100    5.100
(  190, 295)  coste     8.500    8.500
(  190, 372)  coste     5.600    5.600
(  190, 409)  coste     7.700    7.700
(  191, 234)  coste     6.500    6.500
(  191, 242)  coste     3.300    3.300
(  191, 263)  coste     4.900    4.900
(  191, 393)  coste     4.100    4.100
(  191, 424)  coste     3.200    3.200
(  191, 491)  coste     7.800    7.800
(  192, 227)  coste     9.700    9.700
(  192, 286)  coste     9.900    9.900
(  192, 334)  coste     10.900    10.900
(  192, 445)  coste     5.300    5.300
(  193, 261)  coste     7.100    7.100
(  193, 330)  coste     10.800    10.800
(  193, 488)  coste     6.200    6.200
(  194, 273)  coste     1.900    1.900
(  194, 316)  coste     11.100    11.100
(  194, 327)  coste     5.100    5.100
(  194, 382)  coste     7.400    7.400
(  194, 409)  coste     7.400    7.400
(  194, 441)  coste     4.200    4.200
(  194, 444)  coste     2.400    2.400
(  195, 253)  coste     2.400    2.400
(  195, 300)  coste     9.600    9.600
(  195, 325)  coste     6.800    6.800
(  195, 396)  coste     8.800    8.800
(  195, 407)  coste     0.800    0.800
(  195, 459)  coste     9.200    9.200
(  196, 206)  coste     3.900    3.900
(  196, 262)  coste     4.100    4.100
(  196, 323)  coste     4.800    4.800
(  196, 348)  coste     1.200    1.200
(  196, 436)  coste     7.500    7.500
(  197, 204)  coste     3.900    3.900
(  197, 259)  coste     2.600    2.600
(  197, 344)  coste     2.900    2.900
(  197, 375)  coste     8.100    8.100
(  197, 442)  coste     7.300    7.300
(  198, 222)  coste     11.200    11.200
(  198, 273)  coste     5.200    5.200
(  198, 283)  coste     12.300    12.300
(  198, 314)  coste     14.500    14.500
(  198, 380)  coste     4.500    4.500
(  198, 411)  coste     3.700    3.700
(  198, 484)  coste     10.800    10.800
(  199, 446)  coste     8.900    8.900
(  199, 461)  coste     4.300    4.300
(  200, 219)  coste     3.600    3.600
(  200, 273)  coste     12.000    12.000
(  200, 291)  coste     9.800    9.800
(  200, 293)  coste     12.900    12.900
(  200, 305)  coste     11.300    11.300
(  200, 333)  coste     7.800    7.800
(  200, 426)  coste     6.800    6.800
(  200, 466)  coste     14.500    14.500
(  201, 293)  coste     6.300    6.300
(  201, 327)  coste     2.600    2.600
(  201, 494)  coste     4.100    4.100
(  202, 272)  coste     8.200    8.200
(  202, 286)  coste     6.500    6.500
(  202, 364)  coste     7.700    7.700
(  202, 378)  coste     7.000    7.000
(  202, 443)  coste     11.900    11.900
(  203, 248)  coste     3.500    3.500
(  203, 364)  coste     9.100    9.100
(  203, 373)  coste     5.400    5.400
(  203, 411)  coste     5.300    5.300
(  204, 271)  coste     7.100    7.100
(  204, 343)  coste     1.600    1.600
(  204, 448)  coste     8.300    8.300
(  204, 464)  coste     3.200    3.200
(  204, 482)  coste     6.400    6.400
(  204, 484)  coste     13.700    13.700
(  204, 496)  coste     5.600    5.600
(  205, 239)  coste     2.500    2.500
(  205, 268)  coste     7.700    7.700
(  205, 309)  coste     6.400    6.400
(  205, 396)  coste     7.700    7.700
(  205, 403)  coste     3.000    3.000
(  206, 324)  coste     6.100    6.100
(  206, 386)  coste     6.300    6.300
(  206, 396)  coste     2.300    2.300
(  206, 407)  coste     8.100    8.100
(  206, 459)  coste     8.700    8.700
(  207, 241)  coste     1.000    1.000
(  207, 256)  coste     5.200    5.200
(  207, 332)  coste     4.600    4.600
(  207, 380)  coste     1.900    1.900
(  207, 386)  coste     9.700    9.700
(  207, 445)  coste     7.100    7.100
(  207, 476)  coste     11.500    11.500
(  208, 226)  coste     2.100    2.100
(  208, 256)  coste     15.900    15.900
(  208, 323)  coste     5.200    5.200
(  208, 415)  coste     10.300    10.300
(  208, 432)  coste     11.200    11.200
(  208, 469)  coste     9.700    9.700
(  209, 388)  coste     9.500    9.500
(  210, 259)  coste     9.700    9.700
(  210, 294)  coste     6.400    6.400
(  210, 328)  coste     3.900    3.900
(  210, 433)  coste     8.000    8.000
(  210, 448)  coste     6.700    6.700
(  210, 496)  coste     5.600    5.600
(  211, 244)  coste     9.500    9.500
(  211, 248)  coste     10.300    10.300
(  211, 255)  coste     9.000    9.000
(  211, 379)  coste     4.700    4.700
(  211, 385)  coste     5.300    5.300
(  211, 401)  coste     6.300    6.300
(  211, 461)  coste     6.400    6.400
(  212, 229)  coste     9.400    9.400
(  212, 328)  coste     9.400    9.400
(  212, 386)  coste     6.900    6.900
(  212, 416)  coste     3.200    3.200
(  213, 246)  coste     10.200    10.200
(  213, 337)  coste     1.000    1.000
(  213, 384)  coste     6.900    6.900
(  213, 395)  coste     5.700    5.700
(  214, 297)  coste     7.200    7.200
(  214, 343)  coste     11.600    11.600
(  214, 414)  coste     11.300    11.300
(  215, 334)  coste     3.100    3.100
(  215, 387)  coste     3.300    3.300
(  215, 417)  coste     3.500    3.500
(  215, 466)  coste     9.700    9.700
(  216, 270)  coste     7.000    7.000
(  216, 300)  coste     2.400    2.400
(  216, 302)  coste     3.800    3.800
(  216, 363)  coste     7.400    7.400
(  216, 441)  coste     7.600    7.600
(  217, 292)  coste     5.600    5.600
(  217, 340)  coste     2.400    2.400
(  217, 367)  coste     7.800    7.800
(  217, 462)  coste     6.000    6.000
(  218, 235)  coste     10.500    10.500
(  218, 311)  coste     12.200    12.200
(  218, 314)  coste     2.400    2.400
(  218, 359)  coste     4.500    4.500
(  218, 360)  coste     7.800    7.800
(  218, 361)  coste     11.700    11.700
(  219, 357)  coste     12.600    12.600
(  219, 394)  coste     5.500    5.500
(  219, 429)  coste     7.900    7.900
(  219, 487)  coste     4.700    4.700
(  220, 260)  coste     7.300    7.300
(  220, 261)  coste     2.300    2.300
(  220, 296)  coste     7.900    7.900
(  220, 339)  coste     2.300    2.300
(  220, 396)  coste     5.300    5.300
(  221, 388)  coste     11.900    11.900
(  222, 251)  coste     10.800    10.800
(  222, 415)  coste     7.400    7.400
(  222, 419)  coste     8.600    8.600
(  222, 421)  coste     4.200    4.200
(  222, 464)  coste     9.100    9.100
(  222, 481)  coste     4.700    4.700
(  223, 276)  coste     1.400    1.400
(  223, 445)  coste     2.400    2.400
(  224, 244)  coste     3.400    3.400
(  224, 328)  coste     12.900    12.900
(  224, 477)  coste     7.400    7.400
(  225, 234)  coste     7.000    7.000
(  225, 281)  coste     7.700    7.700
(  225, 297)  coste     6.700    6.700
(  225, 323)  coste     5.700    5.700
(  225, 331)  coste     9.300    9.300
(  225, 430)  coste     7.000    7.000
(  225, 468)  coste     8.500    8.500
(  225, 488)  coste     3.600    3.600
(  225, 500)  coste     6.800    6.800
(  226, 453)  coste     3.200    3.200
(  227, 311)  coste     9.400    9.400
(  227, 339)  coste     11.400    11.400
(  227, 360)  coste     6.200    6.200
(  227, 400)  coste     5.600    5.600
(  227, 414)  coste     13.900    13.900
(  227, 454)  coste     3.100    3.100
(  227, 495)  coste     3.900    3.900
(  228, 244)  coste     10.000    10.000
(  228, 360)  coste     9.000    9.000
(  228, 371)  coste     3.300    3.300
(  228, 414)  coste     3.700    3.700
(  228, 442)  coste     7.200    7.200
(  229, 245)  coste     5.400    5.400
(  229, 266)  coste     9.300    9.300
(  229, 281)  coste     10.500    10.500
(  229, 369)  coste     2.300    2.300
(  229, 406)  coste     5.100    5.100
(  229, 416)  coste     9.800    9.800
(  229, 418)  coste     7.500    7.500
(  229, 427)  coste     4.000    4.000
(  229, 470)  coste     7.400    7.400
(  229, 491)  coste     6.500    6.500
(  230, 301)  coste     0.900    0.900
(  230, 365)  coste     8.200    8.200
(  230, 366)  coste     7.300    7.300
(  230, 422)  coste     10.500    10.500
(  230, 430)  coste     11.400    11.400
(  230, 487)  coste     6.700    6.700
(  231, 397)  coste     9.700    9.700
(  231, 413)  coste     7.900    7.900
(  232, 435)  coste     9.000    9.000
(  232, 470)  coste     9.000    9.000
(  233, 318)  coste     3.800    3.800
(  233, 320)  coste     5.000    5.000
(  233, 340)  coste     4.600    4.600
(  233, 451)  coste     11.600    11.600
(  234, 244)  coste     3.900    3.900
(  234, 300)  coste     4.300    4.300
(  234, 309)  coste     5.600    5.600
(  234, 333)  coste     4.400    4.400
(  234, 373)  coste     2.600    2.600
(  234, 446)  coste     5.600    5.600
(  234, 463)  coste     6.700    6.700
(  235, 253)  coste     2.900    2.900
(  235, 282)  coste     9.400    9.400
(  235, 324)  coste     3.100    3.100
(  235, 371)  coste     7.800    7.800
(  235, 384)  coste     6.400    6.400
(  235, 392)  coste     6.500    6.500
(  235, 463)  coste     6.500    6.500
(  235, 490)  coste     4.500    4.500
(  236, 321)  coste     9.000    9.000
(  237, 353)  coste     5.900    5.900
(  237, 416)  coste     2.200    2.200
(  238, 243)  coste     4.500    4.500
(  238, 351)  coste     10.200    10.200
(  239, 245)  coste     5.300    5.300
(  239, 362)  coste     8.000    8.000
(  239, 380)  coste     7.800    7.800
(  239, 406)  coste     7.000    7.000
(  239, 461)  coste     4.100    4.100
(  239, 489)  coste     4.700    4.700
(  240, 292)  coste     8.700    8.700
(  240, 403)  coste     8.000    8.000
(  240, 407)  coste     9.900    9.900
(  240, 497)  coste     11.600    11.600
(  241, 310)  coste     0.300    0.300
(  241, 370)  coste     10.800    10.800
(  241, 417)  coste     6.300    6.300
(  241, 431)  coste     4.900    4.900
(  241, 452)  coste     7.500    7.500
(  241, 493)  coste     1.900    1.900
(  242, 276)  coste     1.700    1.700
(  243, 299)  coste     2.400    2.400
(  243, 367)  coste     8.600    8.600
(  243, 410)  coste     9.400    9.400
(  243, 417)  coste     4.800    4.800
(  243, 444)  coste     7.800    7.800
(  243, 468)  coste     8.800    8.800
(  244, 307)  coste     1.100    1.100
(  244, 379)  coste     5.200    5.200
(  244, 486)  coste     3.000    3.000
(  245, 499)  coste     4.100    4.100
(  246, 338)  coste     6.800    6.800
(  246, 384)  coste     11.700    11.700
(  246, 398)  coste     1.800    1.800
(  246, 434)  coste     6.200    6.200
(  246, 476)  coste     9.200    9.200
(  247, 285)  coste     8.700    8.700
(  247, 299)  coste     11.700    11.700
(  247, 355)  coste     10.500    10.500
(  248, 274)  coste     10.900    10.900
(  248, 306)  coste     7.400    7.400
(  248, 440)  coste     5.200    5.200
(  248, 499)  coste     7.400    7.400
(  249, 275)  coste     11.200    11.200
(  249, 280)  coste     10.100    10.100
(  249, 377)  coste     5.600    5.600
(  249, 450)  coste     3.500    3.500
(  250, 271)  coste     9.400    9.400
(  250, 390)  coste     5.600    5.600
(  250, 447)  coste     17.200    17.200
(  250, 484)  coste     16.200    16.200
(  250, 498)  coste     5.900    5.900
(  251, 252)  coste     11.000    11.000
(  251, 402)  coste     5.500    5.500
(  251, 440)  coste     9.300    9.300
(  251, 441)  coste     9.700    9.700
(  251, 443)  coste     7.100    7.100
(  251, 461)  coste     8.400    8.400
(  252, 320)  coste     4.500    4.500
(  252, 387)  coste     4.700    4.700
(  252, 416)  coste     6.200    6.200
(  253, 448)  coste     8.300    8.300
(  254, 359)  coste     4.000    4.000
(  254, 374)  coste     3.500    3.500
(  254, 480)  coste     4.100    4.100
(  254, 484)  coste     7.200    7.200
(  255, 264)  coste     3.300    3.300
(  255, 306)  coste     6.100    6.100
(  255, 325)  coste     4.700    4.700
(  255, 491)  coste     7.300    7.300
(  256, 278)  coste     4.400    4.400
(  256, 370)  coste     10.000    10.000
(  256, 376)  coste     6.000    6.000
(  256, 414)  coste     7.800    7.800
(  256, 426)  coste     3.600    3.600
(  256, 435)  coste     5.200    5.200
(  257, 454)  coste     9.000    9.000
(  257, 490)  coste     8.700    8.700
(  258, 317)  coste     9.000    9.000
(  258, 443)  coste     7.100    7.100
(  258, 482)  coste     11.500    11.500
(  259, 272)  coste     7.200    7.200
(  259, 291)  coste     7.200    7.200
(  259, 305)  coste     7.300    7.300
(  259, 306)  coste     5.500    5.500
(  259, 315)  coste     2.000    2.000
(  259, 333)  coste     7.800    7.800
(  259, 334)  coste     3.900    3.900
(  259, 346)  coste     6.300    6.300
(  259, 355)  coste     6.500    6.500
(  260, 495)  coste     5.100    5.100
(  261, 296)  coste     5.600    5.600
(  261, 363)  coste     6.400    6.400
(  262, 265)  coste     11.100    11.100
(  262, 281)  coste     10.900    10.900
(  262, 282)  coste     9.000    9.000
(  262, 342)  coste     10.700    10.700
(  262, 493)  coste     12.500    12.500
(  263, 296)  coste     5.700    5.700
(  263, 465)  coste     4.100    4.100
(  264, 311)  coste     9.800    9.800
(  264, 346)  coste     2.000    2.000
(  264, 358)  coste     5.800    5.800
(  264, 360)  coste     2.600    2.600
(  264, 397)  coste     8.200    8.200
(  264, 424)  coste     3.600    3.600
(  264, 432)  coste     8.400    8.400
(  265, 279)  coste     13.100    13.100
(  265, 388)  coste     8.200    8.200
(  266, 267)  coste     9.100    9.100
(  266, 283)  coste     7.800    7.800
(  266, 330)  coste     12.300    12.300
(  267, 272)  coste     5.800    5.800
(  267, 303)  coste     9.700    9.700
(  267, 319)  coste     2.600    2.600
(  267, 457)  coste     4.000    4.000
(  267, 474)  coste     5.500    5.500
(  267, 488)  coste     8.400    8.400
(  268, 281)  coste     5.400    5.400
(  268, 341)  coste     7.100    7.100
(  268, 354)  coste     6.100    6.100
(  268, 451)  coste     5.000    5.000
(  268, 481)  coste     1.200    1.200
(  269, 305)  coste     4.600    4.600
(  269, 335)  coste     5.900    5.900
(  269, 499)  coste     4.800    4.800
(  270, 397)  coste     2.800    2.800
(  271, 278)  coste     7.600    7.600
(  271, 413)  coste     14.100    14.100
(  272, 355)  coste     11.300    11.300
(  272, 391)  coste     7.200    7.200
(  272, 452)  coste     2.500    2.500
(  273, 359)  coste     8.200    8.200
(  273, 400)  coste     5.300    5.300
(  273, 420)  coste     9.200    9.200
(  273, 445)  coste     5.100    5.100
(  273, 458)  coste     0.800    0.800
(  274, 304)  coste     4.300    4.300
(  274, 363)  coste     3.300    3.300
(  274, 427)  coste     4.800    4.800
(  274, 429)  coste     13.700    13.700
(  274, 445)  coste     2.300    2.300
(  274, 447)  coste     2.600    2.600
(  274, 455)  coste     4.500    4.500
(  275, 322)  coste     5.900    5.900
(  275, 395)  coste     9.400    9.400
(  275, 474)  coste     11.100    11.100
(  275, 483)  coste     9.500    9.500
(  276, 399)  coste     7.400    7.400
(  277, 290)  coste     10.400    10.400
(  277, 291)  coste     8.900    8.900
(  277, 301)  coste     13.200    13.200
(  277, 394)  coste     7.600    7.600
(  277, 419)  coste     8.900    8.900
(  277, 478)  coste     5.700    5.700
(  278, 472)  coste     12.100    12.100
(  278, 496)  coste     3.700    3.700
(  279, 309)  coste     13.600    13.600
(  279, 317)  coste     11.800    11.800
(  279, 375)  coste     8.900    8.900
(  280, 339)  coste     4.200    4.200
(  280, 368)  coste     11.200    11.200
(  280, 455)  coste     7.600    7.600
(  280, 487)  coste     7.600    7.600
(  281, 282)  coste     5.500    5.500
(  281, 319)  coste     2.500    2.500
(  281, 325)  coste     3.400    3.400
(  281, 389)  coste     8.900    8.900
(  281, 447)  coste     4.700    4.700
(  281, 457)  coste     2.700    2.700
(  281, 491)  coste     8.200    8.200
(  282, 322)  coste     4.500    4.500
(  282, 439)  coste     5.900    5.900
(  283, 290)  coste     10.000    10.000
(  283, 327)  coste     6.300    6.300
(  283, 443)  coste     4.800    4.800
(  284, 285)  coste     1.200    1.200
(  284, 303)  coste     5.600    5.600
(  284, 462)  coste     12.600    12.600
(  285, 313)  coste     2.000    2.000
(  285, 427)  coste     4.500    4.500
(  286, 377)  coste     12.100    12.100
(  286, 398)  coste     7.200    7.200
(  286, 409)  coste     6.800    6.800
(  286, 441)  coste     3.800    3.800
(  287, 325)  coste     7.100    7.100
(  287, 339)  coste     3.300    3.300
(  287, 361)  coste     9.800    9.800
(  287, 393)  coste     8.400    8.400
(  288, 441)  coste     7.100    7.100
(  288, 477)  coste     6.500    6.500
(  289, 358)  coste     6.800    6.800
(  289, 442)  coste     5.000    5.000
(  289, 452)  coste     5.000    5.000
(  289, 493)  coste     0.600    0.600
(  290, 394)  coste     2.800    2.800
(  290, 398)  coste     0.400    0.400
(  290, 427)  coste     9.300    9.300
(  291, 417)  coste     5.100    5.100
(  292, 334)  coste     5.600    5.600
(  292, 395)  coste     5.500    5.500
(  292, 399)  coste     8.600    8.600
(  293, 350)  coste     3.600    3.600
(  293, 411)  coste     0.600    0.600
(  294, 308)  coste     1.400    1.400
(  294, 314)  coste     9.800    9.800
(  294, 334)  coste     10.000    10.000
(  294, 451)  coste     8.800    8.800
(  295, 321)  coste     12.100    12.100
(  296, 308)  coste     5.200    5.200
(  297, 351)  coste     8.300    8.300
(  297, 480)  coste     8.200    8.200
(  298, 300)  coste     10.400    10.400
(  298, 310)  coste     10.400    10.400
(  298, 350)  coste     9.600    9.600
(  298, 370)  coste     6.700    6.700
(  298, 425)  coste     3.400    3.400
(  298, 435)  coste     11.500    11.500
(  298, 447)  coste     2.500    2.500
(  298, 455)  coste     6.600    6.600
(  299, 317)  coste     10.500    10.500
(  299, 326)  coste     0.900    0.900
(  299, 392)  coste     3.000    3.000
(  299, 418)  coste     9.600    9.600
(  300, 346)  coste     4.000    4.000
(  300, 355)  coste     7.800    7.800
(  300, 362)  coste     6.600    6.600
(  300, 482)  coste     6.400    6.400
(  301, 365)  coste     8.300    8.300
(  301, 426)  coste     7.300    7.300
(  302, 365)  coste     9.900    9.900
(  302, 445)  coste     4.600    4.600
(  303, 500)  coste     11.100    11.100
(  304, 306)  coste     8.800    8.800
(  304, 331)  coste     11.600    11.600
(  304, 350)  coste     3.600    3.600
(  304, 474)  coste     4.000    4.000
(  305, 306)  coste     6.800    6.800
(  306, 346)  coste     4.800    4.800
(  306, 422)  coste     2.600    2.600
(  307, 325)  coste     4.500    4.500
(  307, 358)  coste     4.700    4.700
(  307, 386)  coste     4.700    4.700
(  307, 419)  coste     5.800    5.800
(  308, 330)  coste     5.500    5.500
(  308, 345)  coste     6.600    6.600
(  308, 392)  coste     4.400    4.400
(  308, 467)  coste     9.000    9.000
(  309, 324)  coste     3.300    3.300
(  309, 344)  coste     8.100    8.100
(  309, 351)  coste     1.600    1.600
(  309, 391)  coste     9.000    9.000
(  309, 442)  coste     4.300    4.300
(  309, 461)  coste     5.000    5.000
(  310, 358)  coste     7.800    7.800
(  310, 457)  coste     3.500    3.500
(  310, 495)  coste     6.300    6.300
(  311, 387)  coste     5.200    5.200
(  311, 428)  coste     12.900    12.900
(  311, 452)  coste     4.400    4.400
(  311, 474)  coste     9.200    9.200
(  312, 438)  coste     1.800    1.800
(  313, 387)  coste     3.000    3.000
(  313, 430)  coste     7.700    7.700
(  313, 440)  coste     5.600    5.600
(  314, 327)  coste     8.500    8.500
(  314, 331)  coste     7.000    7.000
(  314, 491)  coste     6.000    6.000
(  315, 453)  coste     4.600    4.600
(  315, 473)  coste     3.600    3.600
(  316, 346)  coste     6.300    6.300
(  316, 367)  coste     10.500    10.500
(  317, 419)  coste     2.000    2.000
(  317, 496)  coste     5.700    5.700
(  318, 322)  coste     9.400    9.400
(  318, 353)  coste     11.200    11.200
(  318, 417)  coste     9.000    9.000
(  319, 345)  coste     8.300    8.300
(  319, 448)  coste     15.000    15.000
(  319, 453)  coste     10.800    10.800
(  319, 495)  coste     2.600    2.600
(  320, 323)  coste     2.600    2.600
(  320, 375)  coste     6.400    6.400
(  320, 447)  coste     9.100    9.100
(  320, 465)  coste     4.200    4.200
(  320, 477)  coste     2.600    2.600
(  321, 388)  coste     2.100    2.100
(  321, 452)  coste     10.100    10.100
(  322, 343)  coste     3.000    3.000
(  322, 393)  coste     12.300    12.300
(  322, 425)  coste     9.400    9.400
(  323, 378)  coste     6.100    6.100
(  323, 468)  coste     8.600    8.600
(  323, 471)  coste     5.700    5.700
(  324, 407)  coste     2.000    2.000
(  324, 431)  coste     10.000    10.000
(  324, 449)  coste     1.600    1.600
(  324, 464)  coste     10.800    10.800
(  324, 488)  coste     4.100    4.100
(  325, 441)  coste     9.000    9.000
(  326, 333)  coste     3.200    3.200
(  326, 415)  coste     7.200    7.200
(  327, 448)  coste     11.800    11.800
(  328, 354)  coste     5.800    5.800
(  328, 366)  coste     7.700    7.700
(  329, 377)  coste     10.900    10.900
(  329, 394)  coste     11.000    11.000
(  329, 412)  coste     5.700    5.700
(  329, 432)  coste     10.400    10.400
(  329, 481)  coste     6.000    6.000
(  330, 354)  coste     3.000    3.000
(  330, 383)  coste     10.000    10.000
(  330, 410)  coste     4.500    4.500
(  330, 486)  coste     8.300    8.300
(  331, 454)  coste     10.500    10.500
(  331, 472)  coste     15.200    15.200
(  332, 336)  coste     3.700    3.700
(  332, 375)  coste     6.500    6.500
(  332, 426)  coste     7.600    7.600
(  333, 376)  coste     5.800    5.800
(  333, 385)  coste     0.900    0.900
(  333, 388)  coste     6.100    6.100
(  333, 477)  coste     5.300    5.300
(  334, 339)  coste     3.200    3.200
(  334, 395)  coste     7.300    7.300
(  334, 413)  coste     12.200    12.200
(  334, 443)  coste     8.200    8.200
(  335, 387)  coste     3.900    3.900
(  336, 368)  coste     8.000    8.000
(  336, 457)  coste     1.500    1.500
(  336, 487)  coste     2.400    2.400
(  338, 392)  coste     8.800    8.800
(  338, 466)  coste     0.400    0.400
(  339, 463)  coste     0.400    0.400
(  339, 485)  coste     5.500    5.500
(  340, 372)  coste     4.900    4.900
(  340, 475)  coste     4.900    4.900
(  341, 418)  coste     8.700    8.700
(  342, 500)  coste     3.700    3.700
(  344, 369)  coste     7.400    7.400
(  344, 374)  coste     2.200    2.200
(  344, 393)  coste     11.300    11.300
(  344, 447)  coste     12.300    12.300
(  344, 468)  coste     4.600    4.600
(  344, 469)  coste     1.300    1.300
(  345, 482)  coste     8.000    8.000
(  346, 401)  coste     2.000    2.000
(  346, 416)  coste     1.900    1.900
(  347, 421)  coste     1.600    1.600
(  348, 428)  coste     6.500    6.500
(  348, 474)  coste     4.400    4.400
(  349, 350)  coste     10.000    10.000
(  349, 353)  coste     2.800    2.800
(  349, 367)  coste     3.400    3.400
(  349, 416)  coste     4.700    4.700
(  349, 466)  coste     8.000    8.000
(  349, 487)  coste     5.800    5.800
(  350, 416)  coste     5.300    5.300
(  353, 387)  coste     2.200    2.200
(  353, 451)  coste     6.000    6.000
(  353, 495)  coste     10.100    10.100
(  354, 400)  coste     8.900    8.900
(  354, 424)  coste     6.100    6.100
(  354, 430)  coste     3.000    3.000
(  354, 439)  coste     6.300    6.300
(  354, 447)  coste     10.600    10.600
(  355, 377)  coste     17.300    17.300
(  355, 417)  coste     6.800    6.800
(  356, 375)  coste     7.500    7.500
(  357, 362)  coste     4.100    4.100
(  357, 388)  coste     12.300    12.300
(  357, 422)  coste     11.700    11.700
(  358, 364)  coste     6.400    6.400
(  358, 453)  coste     3.500    3.500
(  358, 486)  coste     6.200    6.200
(  359, 368)  coste     4.500    4.500
(  360, 362)  coste     3.400    3.400
(  360, 404)  coste     2.800    2.800
(  361, 403)  coste     5.800    5.800
(  361, 449)  coste     4.500    4.500
(  361, 491)  coste     13.300    13.300
(  362, 465)  coste     5.800    5.800
(  363, 373)  coste     5.700    5.700
(  363, 447)  coste     5.900    5.900
(  364, 399)  coste     2.000    2.000
(  365, 372)  coste     4.800    4.800
(  365, 387)  coste     4.700    4.700
(  365, 441)  coste     6.100    6.100
(  365, 464)  coste     13.700    13.700
(  365, 498)  coste     11.700    11.700
(  366, 474)  coste     7.800    7.800
(  366, 490)  coste     4.800    4.800
(  367, 407)  coste     2.200    2.200
(  367, 410)  coste     13.000    13.000
(  367, 460)  coste     1.900    1.900
(  368, 472)  coste     16.000    16.000
(  369, 417)  coste     3.600    3.600
(  369, 426)  coste     6.100    6.100
(  369, 486)  coste     8.600    8.600
(  369, 492)  coste     3.900    3.900
(  370, 403)  coste     3.200    3.200
(  370, 490)  coste     3.700    3.700
(  371, 373)  coste     9.400    9.400
(  371, 382)  coste     3.500    3.500
(  371, 411)  coste     8.300    8.300
(  371, 462)  coste     9.100    9.100
(  371, 471)  coste     3.200    3.200
(  372, 409)  coste     5.500    5.500
(  372, 434)  coste     4.300    4.300
(  373, 375)  coste     8.900    8.900
(  373, 448)  coste     15.200    15.200
(  374, 411)  coste     3.800    3.800
(  374, 431)  coste     1.600    1.600
(  374, 458)  coste     7.300    7.300
(  374, 466)  coste     5.600    5.600
(  375, 398)  coste     14.000    14.000
(  377, 485)  coste     8.400    8.400
(  377, 498)  coste     11.300    11.300
(  378, 474)  coste     6.900    6.900
(  379, 397)  coste     9.400    9.400
(  380, 458)  coste     5.700    5.700
(  380, 471)  coste     7.700    7.700
(  380, 486)  coste     7.200    7.200
(  381, 387)  coste     9.400    9.400
(  381, 442)  coste     10.200    10.200
(  381, 476)  coste     9.800    9.800
(  382, 412)  coste     3.700    3.700
(  382, 420)  coste     8.100    8.100
(  382, 468)  coste     10.000    10.000
(  383, 408)  coste     5.800    5.800
(  383, 443)  coste     5.900    5.900
(  383, 469)  coste     5.000    5.000
(  384, 479)  coste     9.000    9.000
(  387, 445)  coste     1.000    1.000
(  388, 417)  coste     2.000    2.000
(  388, 470)  coste     4.100    4.100
(  388, 475)  coste     2.700    2.700
(  389, 449)  coste     4.700    4.700
(  389, 482)  coste     10.300    10.300
(  389, 493)  coste     10.500    10.500
(  390, 430)  coste     2.000    2.000
(  391, 392)  coste     5.900    5.900
(  393, 456)  coste     9.300    9.300
(  393, 480)  coste     10.700    10.700
(  394, 463)  coste     6.600    6.600
(  396, 411)  coste     2.400    2.400
(  396, 494)  coste     1.400    1.400
(  399, 467)  coste     11.200    11.200
(  399, 500)  coste     4.900    4.900
(  400, 405)  coste     9.900    9.900
(  400, 442)  coste     5.800    5.800
(  401, 423)  coste     4.100    4.100
(  401, 428)  coste     7.100    7.100
(  402, 435)  coste     1.300    1.300
(  404, 463)  coste     8.400    8.400
(  404, 492)  coste     5.300    5.300
(  405, 496)  coste     4.300    4.300
(  406, 416)  coste     5.900    5.900
(  406, 496)  coste     2.800    2.800
(  406, 500)  coste     4.100    4.100
(  407, 492)  coste     3.700    3.700
(  408, 483)  coste     10.500    10.500
(  409, 466)  coste     3.400    3.400
(  410, 424)  coste     10.400    10.400
(  410, 471)  coste     4.700    4.700
(  410, 472)  coste     15.000    15.000
(  411, 463)  coste     8.200    8.200
(  412, 437)  coste     6.700    6.700
(  412, 488)  coste     2.000    2.000
(  415, 483)  coste     10.300    10.300
(  416, 457)  coste     1.400    1.400
(  416, 458)  coste     1.600    1.600
(  418, 430)  coste     5.300    5.300
(  418, 446)  coste     3.300    3.300
(  418, 480)  coste     6.200    6.200
(  419, 430)  coste     6.200    6.200
(  419, 481)  coste     3.900    3.900
(  421, 458)  coste     6.200    6.200
(  423, 452)  coste     0.900    0.900
(  423, 455)  coste     3.700    3.700
(  424, 441)  coste     1.600    1.600
(  425, 493)  coste     7.400    7.400
(  426, 458)  coste     9.200    9.200
(  426, 481)  coste     4.700    4.700
(  427, 464)  coste     5.900    5.900
(  427, 484)  coste     6.400    6.400
(  427, 488)  coste     2.400    2.400
(  428, 446)  coste     7.000    7.000
(  430, 456)  coste     6.900    6.900
(  430, 493)  coste     9.900    9.900
(  432, 456)  coste     5.400    5.400
(  432, 458)  coste     3.100    3.100
(  432, 466)  coste     3.200    3.200
(  432, 493)  coste     2.400    2.400
(  433, 479)  coste     5.300    5.300
(  436, 467)  coste     11.300    11.300
(  437, 445)  coste     3.000    3.000
(  438, 441)  coste     10.100    10.100
(  438, 465)  coste     6.500    6.500
(  439, 442)  coste     0.800    0.800
(  439, 498)  coste     7.000    7.000
(  441, 476)  coste     5.400    5.400
(  441, 500)  coste     7.700    7.700
(  442, 497)  coste     7.300    7.300
(  446, 460)  coste     9.000    9.000
(  446, 468)  coste     2.700    2.700
(  447, 450)  coste     14.500    14.500
(  447, 459)  coste     10.100    10.100
(  447, 468)  coste     15.100    15.100
(  448, 480)  coste     4.100    4.100
(  453, 454)  coste     11.000    11.000
(  454, 466)  coste     5.300    5.300
(  454, 475)  coste     8.800    8.800
(  458, 473)  coste     9.400    9.400
(  460, 479)  coste     8.800    8.800
(  462, 492)  coste     7.900    7.900
(  466, 477)  coste     7.600    7.600
(  467, 485)  coste     7.300    7.300
(  468, 485)  coste     2.100    2.100
(  471, 476)  coste     6.100    6.100
(  474, 481)  coste     2.200    2.200
(  478, 489)  coste     7.200    7.200
(  478, 500)  coste     5.000    5.000
(  480, 487)  coste     5.600    5.600
(  481, 489)  coste     9.100    9.100
(  489, 491)  coste     8.500    8.500
