NOMBRE : N500E2000R100_01
COMENTARIO : Generated instance
VERTICES : 500
ARISTAS_REQ : 100
ARISTAS_NOREQ : 1900
COORDS :
1 3.000 8.400
2 3.700 6.700
3 5.900 4.000
4 6.800 1.700
5 1.800 8.700
6 3.000 6.600
7 0.100 8.400
8 1.400 9.100
9 4.500 4.200
10 1.300 1.200
11 2.700 0.200
12 8.400 9.100
13 4.100 0.900
14 8.600 6.700
15 5.800 2.300
16 0.100 5.700
17 9.300 8.700
18 6.500 5.100
19 2.400 8.400
20 8.400 7.300
21 0.700 5.900
22 2.400 9.800
23 5.900 5.700
24 7.200 0.500
25 5.200 0.500
26 8.300 4.900
27 0.400 6.000
28 8.300 2.300
29 0.500 2.800
30 2.800 8.300
31 8.400 3.100
32 6.100 8.900
33 8.200 2.500
34 4.200 3.700
35 9.800 3.500
36 1.900 5.900
37 0.900 4.800
38 9.500 2.800
39 1.900 7.900
40 6.200 8.500
41 7.100 7.000
42 1.200 1.000
43 9.800 5.400
44 2.400 5.200
45 4.800 9.600
46 7.800 2.600
47 8.500 3.500
48 5.400 6.000
49 4.400 6.000
50 2.300 8.900
51 5.800 6.700
52 1.600 6.800
53 6.400 6.900
54 1.800 3.000
55 2.500 8.300
56 6.300 3.400
57 0.300 3.300
58 9.600 3.400
59 7.400 0.800
60 7.200 9.200
61 4.400 7.100
62 4.000 3.600
63 0.200 1.800
64 2.600 7.800
65 7.600 9.500
66 0.500 4.700
67 6.300 9.000
68 7.000 5.300
69 9.900 5.500
70 6.500 2.100
71 2.500 3.300
72 8.200 8.900
73 4.000 5.200
74 4.800 6.900
75 9.700 1.400
76 8.900 8.700
77 4.100 6.200
78 8.400 9.500
79 3.000 2.700
80 5.100 5.500
81 5.100 7.300
82 0.700 0.300
83 6.000 9.900
84 9.200 8.800
85 2.300 6.700
86 7.600 9.100
87 0.400 6.300
88 6.700 3.000
89 8.800 8.300
90 4.900 2.100
91 6.500 7.700
92 5.800 6.300
93 1.100 6.400
94 8.800 8.400
95 0.800 2.500
96 2.500 4.600
97 8.600 0.700
98 9.500 6.100
99 7.500 0.300
100 2.900 9.900
101 9.400 2.700
102 2.600 7.000
103 2.600 3.000
104 4.600 3.800
105 1.500 0.700
106 4.300 8.900
107 8.700 2.100
108 2.200 9.400
109 5.200 1.500
110 1.900 3.500
111 0.400 3.500
112 3.700 1.200
113 7.000 7.700
114 2.900 6.400
115 0.900 0.800
116 2.500 8.800
117 5.400 2.800
118 7.100 4.200
119 1.800 5.300
120 7.900 1.900
121 2.800 1.000
122 3.900 4.300
123 2.900 2.800
124 4.400 5.900
125 7.800 6.900
126 2.400 0.700
127 3.700 0.100
128 7.800 1.700
129 7.200 5.500
130 1.900 1.800
131 6.100 8.500
132 6.500 4.200
133 6.000 8.600
134 8.800 3.800
135 9.000 5.400
136 3.600 9.100
137 3.600 0.500
138 2.000 5.800
139 2.800 0.500
140 1.700 5.500
141 8.800 2.000
142 7.800 3.600
143 5.200 9.100
144 2.200 1.800
145 0.700 2.800
146 4.800 5.700
147 6.400 1.100
148 8.400 1.600
149 6.900 7.300
150 8.900 5.400
151 4.000 9.700
152 3.600 7.000
153 2.800 2.300
154 5.900 7.500
155 0.600 8.900
156 0.100 5.900
157 6.900 2.900
158 5.700 9.000
159 4.100 4.000
160 9.600 5.800
161 8.500 5.000
162 2.700 5.900
163 4.200 2.600
164 6.500 7.800
165 5.800 0.700
166 1.200 4.800
167 6.600 9.000
168 0.500 8.400
169 4.000 8.300
170 3.600 9.900
171 8.100 0.800
172 0.700 2.200
173 6.700 8.200
174 6.700 7.000
175 4.700 9.200
176 7.100 8.700
177 5.000 7.800
178 3.700 6.200
179 4.000 3.300
180 1.500 8.700
181 8.600 3.700
182 4.600 3.600
183 4.300 1.000
184 6.700 1.500
185 8.100 0.200
186 8.900 7.500
187 9.600 0.500
188 5.500 2.800
189 8.000 3.600
190 5.900 4.500
191 6.600 7.500
192 0.200 8.300
193 1.000 0.200
194 8.900 8.300
195 0.700 2.900
196 2.100 0.400
197 7.200 1.800
198 7.300 7.800
199 1.600 3.500
200 9.000 4.200
201 9.500 3.000
202 7.600 0.800
203 0.900 2.400
204 3.200 4.200
205 0.500 1.200
206 9.600 4.200
207 9.200 8.500
208 8.200 2.000
209 6.400 8.700
210 5.300 9.800
211 7.800 0.700
212 1.000 0.500
213 8.500 9.900
214 6.900 7.400
215 9.100 8.500
216 2.600 2.700
217 7.700 2.600
218 0.700 5.200
219 0.300 6.300
220 0.700 3.800
221 3.700 1.400
222 0.700 5.600
223 5.700 4.200
224 9.900 1.200
225 5.200 9.300
226 5.200 5.000
227 9.700 0.200
228 2.500 3.400
229 7.800 9.400
230 5.400 9.700
231 8.900 3.700
232 4.900 8.000
233 7.500 2.000
234 6.900 1.600
235 0.500 3.600
236 5.800 0.600
237 5.900 7.100
238 8.100 4.000
239 5.100 2.300
240 1.400 0.700
241 4.200 6.200
242 6.800 9.600
243 4.400 3.600
244 9.500 9.000
245 3.000 3.500
246 6.300 0.400
247 5.300 4.700
248 2.700 2.600
249 2.600 2.300
250 6.400 5.100
251 6.900 9.900
252 2.500 0.500
253 3.300 1.900
254 9.300 2.500
255 0.000 0.000
256 6.200 2.800
257 6.000 6.800
258 8.800 7.400
259 9.200 5.200
260 3.300 0.500
261 1.700 2.700
262 1.400 3.400
263 0.600 4.800
264 4.300 2.900
265 7.600 7.500
266 4.600 5.900
267 2.400 0.600
268 7.500 2.100
269 1.000 8.700
270 3.100 8.300
271 3.900 4.000
272 4.200 0.200
273 4.400 9.200
274 4.200 0.600
275 6.800 2.100
276 5.800 9.600
277 8.400 5.400
278 4.600 9.100
279 6.300 8.800
280 0.300 2.000
281 1.800 5.800
282 8.700 5.600
283 7.200 9.400
284 3.900 4.600
285 1.200 1.800
286 3.800 6.200
287 5.500 7.800
288 5.000 3.300
289 2.100 2.700
290 6.400 4.100
291 2.600 3.300
292 7.700 8.300
293 1.700 7.000
294 5.600 0.100
295 9.000 1.100
296 2.500 4.500
297 9.200 4.600
298 2.300 9.300
299 3.800 3.400
300 8.500 5.300
301 2.700 4.100
302 3.300 0.900
303 8.000 0.400
304 5.700 2.300
305 9.500 5.900
306 2.400 9.200
307 7.300 6.100
308 6.100 2.700
309 4.200 5.000
310 1.400 6.200
311 7.700 7.100
312 0.900 1.700
313 6.100 7.700
314 0.200 8.200
315 7.800 5.700
316 8.900 6.900
317 2.100 1.300
318 8.000 0.600
319 9.400 2.800
320 0.900 5.200
321 3.600 8.100
322 4.900 6.300
323 3.400 6.300
324 5.000 7.700
325 5.700 1.300
326 3.900 8.300
327 6.900 1.100
328 2.100 6.200
329 3.500 9.900
330 3.200 4.800
331 5.000 6.900
332 8.700 0.700
333 6.900 8.300
334 8.900 7.100
335 3.200 8.200
336 9.300 4.300
337 9.700 6.100
338 3.200 3.600
339 7.500 4.600
340 1.200 2.500
341 6.000 6.300
342 0.200 6.500
343 8.200 2.900
344 8.800 6.600
345 0.400 4.300
346 1.700 7.500
347 8.300 5.200
348 6.200 7.300
349 7.200 5.100
350 0.000 5.400
351 1.300 1.400
352 9.300 4.700
353 9.400 7.800
354 7.100 6.100
355 5.100 8.900
356 8.000 6.900
357 4.100 5.300
358 7.800 7.000
359 3.200 4.500
360 4.500 5.400
361 5.700 1.700
362 8.200 6.400
363 6.000 1.300
364 5.800 6.500
365 9.400 1.500
366 0.100 5.300
367 4.700 8.200
368 6.000 6.600
369 7.300 3.600
370 3.200 5.600
371 1.700 3.900
372 4.600 4.200
373 1.800 2.300
374 8.200 2.400
375 0.100 0.900
376 5.200 5.900
377 5.700 8.000
378 7.200 9.500
379 8.000 3.900
380 6.100 1.400
381 7.800 1.000
382 0.700 1.500
383 9.200 5.800
384 2.400 6.600
385 3.100 3.800
386 5.200 4.100
387 6.300 4.900
388 1.800 9.100
389 4.700 2.700
390 4.100 9.600
391 1.800 0.600
392 5.100 9.300
393 5.100 4.200
394 2.600 7.200
395 2.300 8.100
396 8.400 4.900
397 2.600 7.700
398 1.600 9.300
399 3.900 7.800
400 7.200 1.600
401 5.400 6.600
402 6.700 2.400
403 6.000 1.800
404 2.200 6.900
405 2.200 1.600
406 4.600 8.700
407 0.100 4.600
408 5.700 6.600
409 2.600 3.200
410 8.500 5.100
411 5.600 8.500
412 8.200 2.300
413 1.200 0.100
414 5.000 8.000
415 5.900 5.200
416 0.500 0.500
417 9.400 6.000
418 4.600 6.800
419 0.400 2.700
420 4.200 9.600
421 5.000 3.700
422 0.200 8.000
423 8.600 4.000
424 9.800 5.300
425 0.700 6.200
426 0.500 1.500
427 4.700 1.000
428 5.100 9.100
429 9.600 2.100
430 7.400 0.100
431 9.500 6.500
432 4.300 7.900
433 0.500 9.600
434 8.100 9.700
435 0.700 8.700
436 0.900 0.900
437 0.300 3.000
438 5.700 3.300
439 6.300 9.600
440 0.200 7.600
441 2.000 1.900
442 6.100 7.500
443 6.800 0.200
444 1.000 9.400
445 5.800 7.100
446 1.000 4.400
447 0.300 7.300
448 4.200 1.800
449 3.800 7.800
450 8.300 1.300
451 6.200 7.500
452 2.300 2.100
453 5.100 4.600
454 4.200 9.500
455 6.200 1.500
456 5.100 9.900
457 0.000 8.400
458 6.500 8.100
459 6.000 9.700
460 8.500 6.500
461 2.200 5.600
462 2.400 8.200
463 0.700 1.000
464 2.700 0.600
465 4.700 3.400
466 6.700 5.700
467 7.300 3.200
468 8.900 3.900
469 5.900 9.600
470 6.500 6.000
471 4.000 6.000
472 2.100 1.500
473 4.100 1.000
474 4.400 7.300
475 1.600 4.800
476 6.800 3.400
477 1.400 5.600
478 5.100 0.100
479 0.800 4.200
480 8.100 5.700
481 4.700 1.500
482 5.100 0.300
483 9.700 9.800
484 0.200 6.000
485 5.300 8.100
486 4.300 6.400
487 3.100 7.500
488 7.900 9.500
489 3.500 5.900
490 3.700 1.700
491 6.000 0.600
492 9.900 6.200
493 6.900 7.900
494 1.800 8.000
495 4.100 3.300
496 5.800 4.400
497 5.800 5.000
498 6.100 2.000
499 1.800 7.000
500 6.600 3.100
LISTA_ARISTAS_REQ :
(   4, 246)  coste     1.800    1.800
(   5, 17)  coste     7.500    7.500
(   7, 50)  coste     2.700    2.700
(  13, 347)  coste     8.500    8.500
(  13, 410)  coste     8.600    8.600
(  14, 409)  coste     9.500    9.500
(  18, 488)  coste     5.800    5.800
(  19, 437)  coste     7.500    7.500
(  21, 217)  coste     10.300    10.300
(  25, 104)  coste     3.900    3.900
(  26, 401)  coste     4.600    4.600
(  27, 301)  coste     4.200    4.200
(  30, 148)  coste     12.300    12.300
(  31, 110)  coste     6.900    6.900
(  32, 462)  coste     4.400    4.400
(  37, 423)  coste     8.500    8.500
(  39, 377)  coste     3.900    3.900
(  42, 256)  coste     6.800    6.800
(  45, 180)  coste     4.200    4.200
(  49, 59)  coste     8.200    8.200
(  59, 186)  coste     8.200    8.200
(  59, 361)  coste     2.600    2.600
(  62, 151)  coste     6.100    6.100
(  65, 74)  coste     5.400    5.400
(  67, 137)  coste     11.200    11.200
(  67, 422)  coste     7.100    7.100
(  67, 442)  coste     1.700    1.700
(  71, 472)  coste     2.200    2.200
(  78, 332)  coste     9.100    9.100
(  82, 90)  coste     6.000    6.000
(  84, 496)  coste     7.800    7.800
(  86, 260)  coste     12.900    12.900
(  87, 261)  coste     4.900    4.900
(  89, 333)  coste     1.900    1.900
(  91, 369)  coste     4.900    4.900
(  106, 492)  coste     8.300    8.300
(  112, 152)  coste     5.900    5.900
(  112, 156)  coste     8.300    8.300
(  113, 137)  coste     10.600    10.600
(  115, 177)  coste     11.100    11.100
(  116, 370)  coste     3.900    3.900
(  120, 437)  coste     8.700    8.700
(  122, 492)  coste     7.900    7.900
(  129, 330)  coste     4.700    4.700
(  130, 374)  coste     6.900    6.900
(  148, 406)  coste     10.900    10.900
(  152, 498)  coste     7.500    7.500
(  153, 356)  coste     9.800    9.800
(  162, 238)  coste     7.300    7.300
(  171, 244)  coste     9.600    9.600
(  171, 442)  coste     8.700    8.700
(  173, 318)  coste     8.900    8.900
(  174, 340)  coste     10.000    10.000
(  178, 366)  coste     4.500    4.500
(  180, 221)  coste     9.500    9.500
(  182, 264)  coste     1.000    1.000
(  182, 465)  coste     0.300    0.300
(  190, 461)  coste     4.800    4.800
(  191, 233)  coste     6.400    6.400
(  193, 250)  coste     10.300    10.300
(  200, 204)  coste     5.800    5.800
(  207, 259)  coste     3.300    3.300
(  211, 329)  coste     13.500    13.500
(  218, 446)  coste     1.100    1.100
(  219, 331)  coste     5.300    5.300
(  223, 293)  coste     6.800    6.800
(  225, 351)  coste     11.800    11.800
(  228, 316)  coste     9.900    9.900
(  229, 486)  coste     6.500    6.500
(  231, 477)  coste     9.400    9.400
(  242, 397)  coste     6.100    6.100
(  249, 252)  coste     1.900    1.900
(  249, 389)  coste     2.500    2.500
(  251, 442)  coste     3.200    3.200
(  254, 289)  coste     7.400    7.400
(  255, 421)  coste     8.700    8.700
(  262, 277)  coste     9.000    9.000
(  265, 298)  coste     7.100    7.100
(  266, 487)  coste     3.100    3.100
(  267, 330)  coste     5.000    5.000
(  272, 441)  coste     3.900    3.900
(  273, 468)  coste     9.800    9.800
(  283, 300)  coste     5.400    5.400
(  288, 375)  coste     7.300    7.300
(  295, 361)  coste     3.900    3.900
(  295, 465)  coste     6.600    6.600
(  296, 406)  coste     6.300    6.300
(  300, 323)  coste     6.100    6.100
(  304, 319)  coste     4.200    4.200
(  332, 385)  coste     8.700    8.700
(  333, 417)  coste     4.800    4.800
(  334, 456)  coste     6.600    6.600
(  360, 484)  coste     4.900    4.900
(  363, 434)  coste     10.500    10.500
(  370, 392)  coste     5.600    5.600
(  379, 464)  coste     8.600    8.600
(  390, 419)  coste     10.600    10.600
(  399, 457)  coste     4.500    4.500
(  412, 466)  coste     4.900    4.900
(  413, 421)  coste     7.400    7.400
LISTA_ARISTAS_NOREQ :
(   1,  6)  coste     1.800    1.800
(   1, 41)  coste     5.500    5.500
(   1, 179)  coste     6.100    6.100
(   1, 237)  coste     4.200    4.200
(   1, 252)  coste     8.400    8.400
(   1, 431)  coste     8.400    8.400
(   1, 451)  coste     4.100    4.100
(   1, 483)  coste     8.100    8.100
(   2, 21)  coste     3.800    3.800
(   2, 106)  coste     2.800    2.800
(   2, 183)  coste     6.300    6.300
(   2, 316)  coste     5.400    5.400
(   2, 347)  coste     6.100    6.100
(   2, 387)  coste     4.400    4.400
(   2, 432)  coste     1.800    1.800
(   3, 14)  coste     5.400    5.400
(   3, 104)  coste     1.500    1.500
(   3, 164)  coste     4.400    4.400
(   3, 215)  coste     7.700    7.700
(   4, 95)  coste     6.800    6.800
(   4, 101)  coste     3.600    3.600
(   4, 148)  coste     1.700    1.700
(   4, 149)  coste     5.700    5.700
(   4, 445)  coste     6.400    6.400
(   4, 467)  coste     2.000    2.000
(   5, 126)  coste     8.600    8.600
(   5, 131)  coste     4.500    4.500
(   5, 162)  coste     3.700    3.700
(   5, 228)  coste     6.000    6.000
(   5, 259)  coste     10.900    10.900
(   5, 332)  coste     14.900    14.900
(   5, 344)  coste     9.100    9.100
(   5, 393)  coste     7.800    7.800
(   5, 403)  coste     11.100    11.100
(   5, 443)  coste     13.500    13.500
(   5, 477)  coste     3.500    3.500
(   6, 25)  coste     8.300    8.300
(   6, 230)  coste     5.500    5.500
(   6, 240)  coste     7.500    7.500
(   6, 280)  coste     7.300    7.300
(   6, 314)  coste     4.400    4.400
(   6, 323)  coste     0.700    0.700
(   6, 426)  coste     7.600    7.600
(   6, 441)  coste     5.700    5.700
(   6, 455)  coste     8.300    8.300
(   6, 471)  coste     1.600    1.600
(   7, 92)  coste     7.800    7.800
(   7, 206)  coste     13.700    13.700
(   7, 225)  coste     6.000    6.000
(   7, 281)  coste     4.300    4.300
(   7, 404)  coste     3.600    3.600
(   7, 474)  coste     5.400    5.400
(   7, 478)  coste     13.300    13.300
(   8, 123)  coste     7.800    7.800
(   8, 464)  coste     9.800    9.800
(   9, 12)  coste     8.800    8.800
(   9, 79)  coste     3.000    3.000
(   9, 112)  coste     3.800    3.800
(   9, 142)  coste     3.900    3.900
(   9, 186)  coste     7.700    7.700
(   9, 278)  coste     5.000    5.000
(   9, 373)  coste     4.600    4.600
(   9, 485)  coste     4.700    4.700
(  10, 82)  coste     1.500    1.500
(  10, 136)  coste     10.200    10.200
(  10, 162)  coste     6.100    6.100
(  10, 321)  coste     9.200    9.200
(  10, 334)  coste     13.500    13.500
(  10, 409)  coste     3.300    3.300
(  11, 171)  coste     6.000    6.000
(  11, 189)  coste     8.700    8.700
(  11, 256)  coste     6.100    6.100
(  11, 261)  coste     3.500    3.500
(  11, 412)  coste     7.600    7.600
(  11, 445)  coste     10.000    10.000
(  11, 468)  coste     9.900    9.900
(  11, 491)  coste     3.700    3.700
(  12, 76)  coste     0.900    0.900
(  12, 78)  coste     0.400    0.400
(  12, 85)  coste     8.500    8.500
(  12, 94)  coste     1.100    1.100
(  12, 107)  coste     7.300    7.300
(  12, 169)  coste     5.200    5.200
(  12, 231)  coste     5.900    5.900
(  12, 253)  coste     12.300    12.300
(  12, 281)  coste     9.900    9.900
(  13, 29)  coste     5.500    5.500
(  13, 101)  coste     7.100    7.100
(  13, 120)  coste     4.800    4.800
(  13, 137)  coste     0.900    0.900
(  13, 225)  coste     9.500    9.500
(  13, 239)  coste     2.400    2.400
(  13, 329)  coste     9.600    9.600
(  13, 396)  coste     8.300    8.300
(  14, 36)  coste     7.500    7.500
(  14, 38)  coste     4.800    4.800
(  14, 91)  coste     3.100    3.100
(  14, 98)  coste     1.500    1.500
(  14, 123)  coste     9.600    9.600
(  14, 292)  coste     2.500    2.500
(  14, 307)  coste     1.900    1.900
(  14, 333)  coste     3.300    3.300
(  14, 388)  coste     9.200    9.200
(  14, 419)  coste     12.200    12.200
(  14, 424)  coste     2.600    2.600
(  14, 438)  coste     6.300    6.300
(  14, 473)  coste     10.200    10.200
(  15, 144)  coste     4.100    4.100
(  15, 154)  coste     5.300    5.300
(  15, 271)  coste     3.600    3.600
(  15, 333)  coste     7.100    7.100
(  15, 409)  coste     4.100    4.100
(  16, 464)  coste     7.700    7.700
(  16, 474)  coste     5.900    5.900
(  17, 93)  coste     10.500    10.500
(  17, 108)  coste     7.800    7.800
(  17, 279)  coste     3.100    3.100
(  17, 320)  coste     11.900    11.900
(  17, 375)  coste     17.000    17.000
(  17, 418)  coste     6.600    6.600
(  18, 87)  coste     7.300    7.300
(  18, 150)  coste     2.700    2.700
(  18, 210)  coste     5.900    5.900
(  18, 255)  coste     11.600    11.600
(  18, 270)  coste     6.600    6.600
(  18, 363)  coste     4.300    4.300
(  18, 374)  coste     4.400    4.400
(  18, 380)  coste     4.100    4.100
(  18, 467)  coste     2.700    2.700
(  19, 52)  coste     2.400    2.400
(  19, 84)  coste     7.200    7.200
(  19, 99)  coste     13.200    13.200
(  19, 128)  coste     12.100    12.100
(  19, 204)  coste     5.000    5.000
(  19, 221)  coste     8.300    8.300
(  19, 261)  coste     6.400    6.400
(  19, 292)  coste     5.400    5.400
(  19, 381)  coste     12.800    12.800
(  19, 388)  coste     1.300    1.300
(  19, 425)  coste     3.900    3.900
(  20, 163)  coste     8.900    8.900
(  20, 165)  coste     9.200    9.200
(  20, 255)  coste     15.700    15.700
(  20, 258)  coste     0.500    0.500
(  20, 369)  coste     4.800    4.800
(  20, 431)  coste     1.900    1.900
(  21, 71)  coste     4.400    4.400
(  21, 117)  coste     7.800    7.800
(  21, 244)  coste     11.900    11.900
(  21, 279)  coste     8.500    8.500
(  21, 289)  coste     4.600    4.600
(  21, 409)  coste     4.600    4.600
(  21, 413)  coste     6.300    6.300
(  21, 491)  coste     10.600    10.600
(  22, 50)  coste     1.000    1.000
(  22, 102)  coste     3.000    3.000
(  22, 176)  coste     5.800    5.800
(  22, 185)  coste     15.300    15.300
(  22, 192)  coste     3.700    3.700
(  22, 314)  coste     3.800    3.800
(  22, 356)  coste     8.500    8.500
(  22, 392)  coste     3.200    3.200
(  22, 405)  coste     8.400    8.400
(  23, 63)  coste     9.600    9.600
(  23, 65)  coste     5.500    5.500
(  23, 116)  coste     6.500    6.500
(  23, 130)  coste     7.900    7.900
(  23, 208)  coste     6.000    6.000
(  23, 310)  coste     5.000    5.000
(  23, 327)  coste     5.600    5.600
(  23, 354)  coste     1.600    1.600
(  23, 395)  coste     6.000    6.000
(  23, 404)  coste     4.900    4.900
(  23, 462)  coste     6.000    6.000
(  24, 38)  coste     4.600    4.600
(  24, 117)  coste     4.100    4.100
(  24, 176)  coste     8.300    8.300
(  24, 253)  coste     5.300    5.300
(  24, 307)  coste     5.700    5.700
(  25, 176)  coste     10.100    10.100
(  25, 330)  coste     6.300    6.300
(  25, 358)  coste     9.100    9.100
(  25, 425)  coste     10.200    10.200
(  25, 439)  coste     10.200    10.200
(  26, 64)  coste     8.600    8.600
(  26, 139)  coste     9.900    9.900
(  26, 140)  coste     7.200    7.200
(  26, 170)  coste     9.700    9.700
(  26, 182)  coste     5.000    5.000
(  26, 222)  coste     8.300    8.300
(  26, 239)  coste     5.800    5.800
(  26, 367)  coste     6.900    6.900
(  27, 37)  coste     1.700    1.700
(  27, 237)  coste     6.600    6.600
(  27, 249)  coste     5.900    5.900
(  27, 339)  coste     8.500    8.500
(  27, 347)  coste     8.700    8.700
(  27, 363)  coste     10.300    10.300
(  27, 368)  coste     6.200    6.200
(  28, 34)  coste     5.500    5.500
(  28, 133)  coste     8.600    8.600
(  28, 134)  coste     2.000    2.000
(  28, 241)  coste     8.000    8.000
(  28, 250)  coste     4.700    4.700
(  28, 295)  coste     1.900    1.900
(  28, 389)  coste     4.000    4.000
(  28, 464)  coste     7.300    7.300
(  29, 72)  coste     13.800    13.800
(  29, 99)  coste     9.500    9.500
(  29, 114)  coste     6.000    6.000
(  29, 253)  coste     3.700    3.700
(  30, 346)  coste     1.900    1.900
(  30, 419)  coste     8.000    8.000
(  31, 38)  coste     1.400    1.400
(  31, 42)  coste     9.300    9.300
(  31, 161)  coste     2.000    2.000
(  31, 240)  coste     9.400    9.400
(  31, 248)  coste     6.200    6.200
(  31, 292)  coste     5.900    5.900
(  31, 312)  coste     8.900    8.900
(  31, 325)  coste     4.500    4.500
(  31, 375)  coste     10.500    10.500
(  31, 425)  coste     10.800    10.800
(  31, 462)  coste     11.100    11.100
(  32, 38)  coste     9.500    9.500
(  32, 156)  coste     9.000    9.000
(  32, 302)  coste     10.800    10.800
(  32, 339)  coste     5.700    5.700
(  32, 401)  coste     3.000    3.000
(  33, 45)  coste     10.500    10.500
(  33, 77)  coste     7.800    7.800
(  33, 155)  coste     14.000    14.000
(  33, 490)  coste     5.300    5.300
(  34, 67)  coste     7.400    7.400
(  34, 182)  coste     0.500    0.500
(  34, 253)  coste     2.700    2.700
(  34, 321)  coste     5.000    5.000
(  34, 444)  coste     8.900    8.900
(  34, 455)  coste     4.200    4.200
(  34, 467)  coste     3.600    3.600
(  34, 469)  coste     7.600    7.600
(  35, 123)  coste     7.600    7.600
(  35, 195)  coste     9.700    9.700
(  35, 374)  coste     2.700    2.700
(  35, 404)  coste     11.000    11.000
(  35, 437)  coste     10.000    10.000
(  36, 67)  coste     7.500    7.500
(  36, 365)  coste     11.900    11.900
(  36, 440)  coste     3.400    3.400
(  37, 38)  coste     10.600    10.600
(  37, 100)  coste     7.100    7.100
(  37, 166)  coste     0.300    0.300
(  37, 213)  coste     12.700    12.700
(  37, 316)  coste     10.100    10.100
(  37, 321)  coste     6.000    6.000
(  37, 341)  coste     6.600    6.600
(  37, 364)  coste     6.600    6.600
(  37, 369)  coste     7.600    7.600
(  37, 409)  coste     3.300    3.300
(  38, 126)  coste     9.200    9.200
(  38, 216)  coste     7.000    7.000
(  38, 219)  coste     12.700    12.700
(  38, 250)  coste     5.400    5.400
(  38, 262)  coste     8.700    8.700
(  38, 280)  coste     10.000    10.000
(  38, 348)  coste     7.800    7.800
(  38, 349)  coste     4.600    4.600
(  38, 386)  coste     5.600    5.600
(  38, 400)  coste     3.500    3.500
(  38, 416)  coste     11.300    11.300
(  38, 422)  coste     14.500    14.500
(  39, 89)  coste     7.300    7.300
(  39, 190)  coste     7.400    7.400
(  39, 228)  coste     5.100    5.100
(  39, 253)  coste     7.400    7.400
(  39, 333)  coste     5.400    5.400
(  39, 486)  coste     3.900    3.900
(  40, 115)  coste     13.000    13.000
(  40, 189)  coste     6.700    6.700
(  40, 211)  coste     9.400    9.400
(  40, 258)  coste     3.700    3.700
(  40, 312)  coste     12.100    12.100
(  40, 465)  coste     6.600    6.600
(  41, 307)  coste     1.100    1.100
(  41, 323)  coste     4.400    4.400
(  41, 409)  coste     8.300    8.300
(  41, 429)  coste     7.400    7.400
(  41, 440)  coste     7.500    7.500
(  41, 462)  coste     5.900    5.900
(  41, 463)  coste     12.400    12.400
(  42, 125)  coste     12.500    12.500
(  42, 132)  coste     8.500    8.500
(  42, 180)  coste     8.000    8.000
(  42, 276)  coste     13.200    13.200
(  42, 308)  coste     6.600    6.600
(  42, 338)  coste     4.600    4.600
(  42, 377)  coste     11.500    11.500
(  43, 50)  coste     11.000    11.000
(  43, 75)  coste     4.100    4.100
(  43, 77)  coste     6.500    6.500
(  43, 142)  coste     3.800    3.800
(  43, 182)  coste     7.000    7.000
(  43, 186)  coste     3.000    3.000
(  43, 234)  coste     6.700    6.700
(  43, 259)  coste     0.800    0.800
(  43, 370)  coste     6.800    6.800
(  43, 417)  coste     1.000    1.000
(  43, 464)  coste     11.900    11.900
(  43, 476)  coste     5.000    5.000
(  44, 134)  coste     7.800    7.800
(  44, 145)  coste     4.100    4.100
(  44, 228)  coste     1.900    1.900
(  44, 347)  coste     5.900    5.900
(  44, 410)  coste     6.200    6.200
(  44, 464)  coste     4.900    4.900
(  45, 53)  coste     4.300    4.300
(  45, 94)  coste     5.200    5.200
(  45, 213)  coste     4.000    4.000
(  45, 229)  coste     3.200    3.200
(  45, 240)  coste     12.300    12.300
(  45, 382)  coste     12.200    12.200
(  46, 158)  coste     8.500    8.500
(  46, 167)  coste     7.600    7.600
(  46, 311)  coste     4.600    4.600
(  46, 353)  coste     6.800    6.800
(  47, 113)  coste     5.700    5.700
(  47, 178)  coste     7.500    7.500
(  47, 233)  coste     2.500    2.500
(  47, 291)  coste     6.100    6.100
(  48, 98)  coste     4.200    4.200
(  48, 100)  coste     6.400    6.400
(  48, 345)  coste     6.700    6.700
(  48, 422)  coste     7.200    7.200
(  48, 428)  coste     3.400    3.400
(  49, 54)  coste     5.600    5.600
(  49, 70)  coste     6.000    6.000
(  49, 73)  coste     1.200    1.200
(  49, 220)  coste     5.900    5.900
(  49, 228)  coste     4.500    4.500
(  49, 312)  coste     7.800    7.800
(  49, 329)  coste     4.800    4.800
(  50, 53)  coste     6.100    6.100
(  50, 78)  coste     6.700    6.700
(  50, 96)  coste     4.500    4.500
(  50, 131)  coste     4.200    4.200
(  50, 190)  coste     8.000    8.000
(  50, 265)  coste     6.700    6.700
(  50, 325)  coste     11.000    11.000
(  50, 347)  coste     9.700    9.700
(  50, 421)  coste     7.900    7.900
(  50, 423)  coste     11.200    11.200
(  51, 160)  coste     4.700    4.700
(  51, 464)  coste     9.200    9.200
(  51, 474)  coste     2.000    2.000
(  51, 475)  coste     6.100    6.100
(  52, 232)  coste     4.500    4.500
(  52, 288)  coste     6.900    6.900
(  52, 323)  coste     2.300    2.300
(  52, 369)  coste     8.900    8.900
(  52, 392)  coste     6.000    6.000
(  52, 434)  coste     9.400    9.400
(  53, 93)  coste     5.800    5.800
(  53, 95)  coste     10.000    10.000
(  53, 102)  coste     3.900    3.900
(  53, 226)  coste     3.100    3.100
(  53, 275)  coste     5.200    5.200
(  53, 400)  coste     6.100    6.100
(  53, 427)  coste     7.600    7.600
(  53, 458)  coste     1.300    1.300
(  53, 485)  coste     2.300    2.300
(  53, 486)  coste     2.600    2.600
(  54, 102)  coste     4.800    4.800
(  54, 175)  coste     9.100    9.100
(  54, 201)  coste     7.700    7.700
(  54, 223)  coste     5.100    5.100
(  54, 259)  coste     9.600    9.600
(  54, 325)  coste     5.600    5.600
(  54, 418)  coste     6.600    6.600
(  55, 59)  coste     12.400    12.400
(  55, 97)  coste     13.700    13.700
(  55, 130)  coste     7.100    7.100
(  55, 141)  coste     12.600    12.600
(  55, 149)  coste     5.400    5.400
(  55, 181)  coste     10.700    10.700
(  55, 278)  coste     2.900    2.900
(  55, 293)  coste     2.100    2.100
(  55, 346)  coste     1.600    1.600
(  55, 403)  coste     10.000    10.000
(  55, 415)  coste     6.500    6.500
(  55, 425)  coste     3.900    3.900
(  55, 459)  coste     4.900    4.900
(  56, 192)  coste     11.000    11.000
(  56, 212)  coste     8.200    8.200
(  56, 478)  coste     4.500    4.500
(  56, 480)  coste     4.100    4.100
(  57, 85)  coste     5.400    5.400
(  57, 176)  coste     12.200    12.200
(  57, 211)  coste     10.100    10.100
(  57, 318)  coste     10.400    10.400
(  57, 405)  coste     3.600    3.600
(  57, 488)  coste     13.800    13.800
(  58, 69)  coste     2.400    2.400
(  58, 257)  coste     7.000    7.000
(  58, 330)  coste     7.800    7.800
(  58, 406)  coste     10.300    10.300
(  58, 430)  coste     5.500    5.500
(  58, 476)  coste     2.800    2.800
(  58, 485)  coste     9.000    9.000
(  58, 487)  coste     10.600    10.600
(  59, 180)  coste     13.800    13.800
(  59, 263)  coste     10.800    10.800
(  60, 89)  coste     2.500    2.500
(  60, 136)  coste     3.700    3.700
(  60, 310)  coste     8.800    8.800
(  60, 315)  coste     4.100    4.100
(  60, 337)  coste     5.600    5.600
(  60, 497)  coste     5.600    5.600
(  61, 144)  coste     7.500    7.500
(  61, 189)  coste     7.100    7.100
(  61, 224)  coste     11.400    11.400
(  61, 257)  coste     1.900    1.900
(  61, 334)  coste     4.500    4.500
(  61, 382)  coste     9.300    9.300
(  62, 147)  coste     4.900    4.900
(  62, 156)  coste     6.200    6.200
(  62, 185)  coste     7.500    7.500
(  62, 260)  coste     3.800    3.800
(  62, 349)  coste     4.700    4.700
(  62, 383)  coste     7.400    7.400
(  62, 408)  coste     4.700    4.700
(  62, 465)  coste     0.900    0.900
(  63, 175)  coste     11.900    11.900
(  63, 325)  coste     6.000    6.000
(  63, 333)  coste     13.200    13.200
(  63, 348)  coste     11.500    11.500
(  63, 368)  coste     10.600    10.600
(  63, 407)  coste     2.900    2.900
(  64, 76)  coste     7.200    7.200
(  64, 79)  coste     5.500    5.500
(  64, 220)  coste     5.900    5.900
(  64, 252)  coste     7.400    7.400
(  64, 331)  coste     3.300    3.300
(  64, 433)  coste     3.900    3.900
(  64, 498)  coste     9.300    9.300
(  65, 67)  coste     1.800    1.800
(  65, 104)  coste     8.700    8.700
(  65, 142)  coste     6.100    6.100
(  65, 154)  coste     3.700    3.700
(  65, 159)  coste     9.000    9.000
(  65, 160)  coste     5.700    5.700
(  65, 177)  coste     4.300    4.300
(  65, 203)  coste     13.800    13.800
(  65, 218)  coste     11.200    11.200
(  65, 230)  coste     2.400    2.400
(  65, 269)  coste     7.400    7.400
(  65, 301)  coste     10.300    10.300
(  65, 375)  coste     16.100    16.100
(  65, 396)  coste     5.400    5.400
(  66, 75)  coste     12.500    12.500
(  66, 155)  coste     4.300    4.300
(  66, 158)  coste     9.500    9.500
(  66, 281)  coste     2.400    2.400
(  66, 302)  coste     6.600    6.600
(  66, 326)  coste     7.000    7.000
(  66, 327)  coste     10.000    10.000
(  66, 352)  coste     8.800    8.800
(  66, 490)  coste     6.200    6.200
(  67, 196)  coste     12.800    12.800
(  67, 247)  coste     5.300    5.300
(  67, 313)  coste     1.500    1.500
(  67, 317)  coste     11.900    11.900
(  67, 323)  coste     5.600    5.600
(  67, 394)  coste     5.500    5.500
(  67, 411)  coste     1.200    1.200
(  67, 435)  coste     5.900    5.900
(  67, 464)  coste     12.000    12.000
(  68, 224)  coste     7.000    7.000
(  68, 300)  coste     1.500    1.500
(  68, 367)  coste     5.200    5.200
(  68, 377)  coste     4.000    4.000
(  68, 399)  coste     5.600    5.600
(  68, 401)  coste     2.900    2.900
(  68, 432)  coste     5.300    5.300
(  69, 139)  coste     12.100    12.100
(  69, 199)  coste     10.300    10.300
(  69, 310)  coste     9.200    9.200
(  69, 333)  coste     5.800    5.800
(  69, 348)  coste     5.500    5.500
(  69, 393)  coste     6.100    6.100
(  70, 222)  coste     9.300    9.300
(  70, 241)  coste     6.400    6.400
(  70, 261)  coste     5.400    5.400
(  70, 317)  coste     5.200    5.200
(  70, 330)  coste     6.000    6.000
(  70, 362)  coste     6.000    6.000
(  70, 444)  coste     12.800    12.800
(  70, 467)  coste     1.900    1.900
(  71, 119)  coste     2.700    2.700
(  71, 148)  coste     7.600    7.600
(  71, 269)  coste     6.900    6.900
(  71, 424)  coste     9.300    9.300
(  72, 76)  coste     0.900    0.900
(  72, 93)  coste     9.600    9.600
(  72, 162)  coste     8.500    8.500
(  72, 228)  coste     11.200    11.200
(  72, 297)  coste     5.300    5.300
(  72, 352)  coste     5.300    5.300
(  72, 377)  coste     3.400    3.400
(  73, 112)  coste     4.300    4.300
(  73, 135)  coste     5.200    5.200
(  73, 249)  coste     4.300    4.300
(  73, 275)  coste     5.900    5.900
(  73, 357)  coste     0.200    0.200
(  73, 396)  coste     4.700    4.700
(  73, 427)  coste     4.900    4.900
(  73, 481)  coste     4.400    4.400
(  73, 485)  coste     4.200    4.200
(  74, 77)  coste     1.400    1.400
(  74, 140)  coste     4.500    4.500
(  74, 230)  coste     3.400    3.400
(  74, 267)  coste     8.700    8.700
(  74, 398)  coste     5.600    5.600
(  74, 414)  coste     1.300    1.300
(  74, 424)  coste     6.600    6.600
(  75, 144)  coste     7.900    7.900
(  75, 179)  coste     7.600    7.600
(  75, 207)  coste     7.600    7.600
(  75, 375)  coste     10.100    10.100
(  75, 451)  coste     9.600    9.600
(  75, 486)  coste     10.400    10.400
(  76, 79)  coste     11.900    11.900
(  76, 94)  coste     0.400    0.400
(  76, 96)  coste     10.500    10.500
(  76, 154)  coste     4.200    4.200
(  76, 237)  coste     4.600    4.600
(  76, 263)  coste     12.200    12.200
(  76, 327)  coste     9.600    9.600
(  76, 384)  coste     8.600    8.600
(  76, 499)  coste     8.800    8.800
(  77, 97)  coste     10.000    10.000
(  77, 299)  coste     3.100    3.100
(  77, 311)  coste     4.500    4.500
(  77, 360)  coste     1.200    1.200
(  78, 92)  coste     5.800    5.800
(  78, 107)  coste     7.700    7.700
(  78, 194)  coste     1.700    1.700
(  78, 207)  coste     1.800    1.800
(  78, 294)  coste     12.200    12.200
(  78, 326)  coste     5.700    5.700
(  79, 130)  coste     2.000    2.000
(  79, 334)  coste     10.300    10.300
(  79, 446)  coste     3.700    3.700
(  79, 458)  coste     8.900    8.900
(  80, 233)  coste     5.900    5.900
(  80, 389)  coste     3.200    3.200
(  80, 460)  coste     4.400    4.400
(  80, 487)  coste     4.000    4.000
(  81, 106)  coste     2.400    2.400
(  81, 270)  coste     3.000    3.000
(  81, 393)  coste     3.100    3.100
(  81, 425)  coste     5.500    5.500
(  81, 473)  coste     7.300    7.300
(  82, 92)  coste     11.100    11.100
(  82, 136)  coste     11.700    11.700
(  82, 178)  coste     8.900    8.900
(  82, 267)  coste     2.000    2.000
(  82, 367)  coste     11.900    11.900
(  82, 407)  coste     4.900    4.900
(  82, 442)  coste     12.600    12.600
(  82, 498)  coste     7.100    7.100
(  83, 139)  coste     12.600    12.600
(  83, 149)  coste     3.500    3.500
(  83, 157)  coste     7.900    7.900
(  83, 177)  coste     3.100    3.100
(  83, 205)  coste     14.200    14.200
(  83, 262)  coste     11.100    11.100
(  83, 274)  coste     11.100    11.100
(  83, 360)  coste     6.000    6.000
(  83, 492)  coste     7.600    7.600
(  84, 207)  coste     0.300    0.300
(  84, 243)  coste     10.000    10.000
(  84, 334)  coste     2.000    2.000
(  84, 409)  coste     12.200    12.200
(  85, 198)  coste     6.100    6.100
(  85, 306)  coste     2.600    2.600
(  85, 395)  coste     1.400    1.400
(  85, 449)  coste     2.600    2.600
(  85, 456)  coste     6.000    6.000
(  86, 90)  coste     9.700    9.700
(  86, 186)  coste     2.900    2.900
(  86, 215)  coste     2.100    2.100
(  86, 216)  coste     11.400    11.400
(  86, 320)  coste     10.600    10.600
(  86, 335)  coste     5.300    5.300
(  86, 385)  coste     9.800    9.800
(  86, 435)  coste     7.300    7.300
(  86, 491)  coste     10.100    10.100
(  86, 495)  coste     9.300    9.300
(  87, 133)  coste     7.900    7.900
(  87, 145)  coste     3.800    3.800
(  87, 212)  coste     6.400    6.400
(  87, 240)  coste     6.600    6.600
(  87, 268)  coste     11.300    11.300
(  87, 272)  coste     9.900    9.900
(  87, 390)  coste     7.000    7.000
(  87, 428)  coste     7.500    7.500
(  87, 463)  coste     5.600    5.600
(  87, 471)  coste     3.900    3.900
(  87, 478)  coste     10.900    10.900
(  88, 154)  coste     5.300    5.300
(  88, 194)  coste     7.500    7.500
(  88, 264)  coste     2.500    2.500
(  88, 278)  coste     8.200    8.200
(  88, 334)  coste     6.300    6.300
(  88, 340)  coste     6.000    6.000
(  88, 447)  coste     10.700    10.700
(  89, 170)  coste     6.800    6.800
(  89, 178)  coste     7.200    7.200
(  89, 305)  coste     3.100    3.100
(  89, 354)  coste     3.900    3.900
(  89, 378)  coste     2.800    2.800
(  90, 108)  coste     10.000    10.000
(  90, 121)  coste     3.200    3.200
(  90, 134)  coste     5.600    5.600
(  90, 142)  coste     4.400    4.400
(  90, 222)  coste     7.700    7.700
(  90, 235)  coste     5.900    5.900
(  90, 263)  coste     7.000    7.000
(  90, 300)  coste     6.800    6.800
(  90, 320)  coste     7.100    7.100
(  90, 353)  coste     10.200    10.200
(  90, 411)  coste     7.100    7.100
(  91, 94)  coste     3.000    3.000
(  91, 137)  coste     10.100    10.100
(  91, 253)  coste     9.000    9.000
(  91, 321)  coste     3.300    3.300
(  92, 123)  coste     6.400    6.400
(  92, 142)  coste     4.700    4.700
(  92, 188)  coste     3.800    3.800
(  92, 223)  coste     2.200    2.200
(  92, 304)  coste     4.100    4.100
(  92, 356)  coste     2.800    2.800
(  92, 359)  coste     4.400    4.400
(  92, 449)  coste     3.500    3.500
(  93, 132)  coste     7.600    7.600
(  93, 186)  coste     8.900    8.900
(  93, 237)  coste     5.500    5.500
(  93, 245)  coste     4.800    4.800
(  93, 263)  coste     2.100    2.100
(  93, 290)  coste     7.600    7.600
(  93, 331)  coste     4.400    4.400
(  93, 361)  coste     9.300    9.300
(  94, 98)  coste     3.000    3.000
(  94, 189)  coste     5.600    5.600
(  94, 211)  coste     8.700    8.700
(  94, 275)  coste     8.300    8.300
(  94, 295)  coste     7.500    7.500
(  94, 376)  coste     6.100    6.100
(  94, 394)  coste     7.400    7.400
(  94, 483)  coste     2.300    2.300
(  95, 106)  coste     9.900    9.900
(  95, 257)  coste     9.500    9.500
(  95, 334)  coste     12.700    12.700
(  95, 336)  coste     10.300    10.300
(  95, 339)  coste     8.800    8.800
(  95, 377)  coste     10.400    10.400
(  96, 186)  coste     9.300    9.300
(  96, 281)  coste     1.900    1.900
(  96, 470)  coste     5.400    5.400
(  97, 152)  coste     11.300    11.300
(  97, 285)  coste     8.500    8.500
(  97, 297)  coste     4.500    4.500
(  97, 426)  coste     8.900    8.900
(  97, 451)  coste     9.200    9.200
(  97, 459)  coste     11.600    11.600
(  98, 139)  coste     12.300    12.300
(  98, 147)  coste     8.100    8.100
(  98, 154)  coste     5.000    5.000
(  98, 183)  coste     10.300    10.300
(  98, 208)  coste     5.400    5.400
(  98, 303)  coste     7.200    7.200
(  98, 366)  coste     10.200    10.200
(  98, 391)  coste     13.200    13.200
(  98, 396)  coste     2.300    2.300
(  98, 408)  coste     4.300    4.300
(  98, 429)  coste     4.100    4.100
(  99, 128)  coste     1.700    1.700
(  99, 161)  coste     5.700    5.700
(  99, 188)  coste     4.500    4.500
(  100, 151)  coste     1.300    1.300
(  100, 155)  coste     3.300    3.300
(  100, 161)  coste     10.500    10.500
(  100, 179)  coste     7.700    7.700
(  100, 293)  coste     4.100    4.100
(  100, 353)  coste     8.600    8.600
(  100, 367)  coste     3.500    3.500
(  100, 405)  coste     9.000    9.000
(  100, 463)  coste     11.100    11.100
(  100, 465)  coste     8.300    8.300
(  101, 121)  coste     8.300    8.300
(  101, 152)  coste     10.100    10.100
(  101, 157)  coste     2.700    2.700
(  101, 358)  coste     5.900    5.900
(  101, 417)  coste     3.300    3.300
(  102, 122)  coste     4.000    4.000
(  102, 172)  coste     6.700    6.700
(  102, 257)  coste     3.600    3.600
(  102, 344)  coste     6.600    6.600
(  103, 121)  coste     2.200    2.200
(  103, 129)  coste     7.100    7.100
(  103, 187)  coste     9.500    9.500
(  103, 373)  coste     1.500    1.500
(  103, 412)  coste     6.300    6.300
(  103, 421)  coste     3.100    3.100
(  103, 454)  coste     8.100    8.100
(  103, 466)  coste     6.800    6.800
(  103, 482)  coste     5.200    5.200
(  104, 112)  coste     3.500    3.500
(  104, 119)  coste     4.300    4.300
(  104, 202)  coste     6.000    6.000
(  104, 318)  coste     6.600    6.600
(  104, 327)  coste     5.000    5.000
(  104, 336)  coste     5.200    5.200
(  104, 370)  coste     3.200    3.200
(  104, 374)  coste     5.000    5.000
(  104, 485)  coste     5.000    5.000
(  105, 136)  coste     10.500    10.500
(  105, 275)  coste     6.700    6.700
(  105, 375)  coste     1.600    1.600
(  106, 133)  coste     2.000    2.000
(  106, 195)  coste     9.600    9.600
(  106, 247)  coste     5.200    5.200
(  106, 355)  coste     0.800    0.800
(  106, 376)  coste     3.900    3.900
(  107, 109)  coste     4.100    4.100
(  107, 303)  coste     2.400    2.400
(  107, 359)  coste     7.900    7.900
(  107, 412)  coste     0.700    0.700
(  108, 381)  coste     14.000    14.000
(  108, 433)  coste     1.900    1.900
(  108, 477)  coste     4.600    4.600
(  109, 222)  coste     8.600    8.600
(  109, 257)  coste     6.100    6.100
(  109, 450)  coste     3.300    3.300
(  110, 178)  coste     4.500    4.500
(  110, 179)  coste     2.300    2.300
(  110, 248)  coste     1.700    1.700
(  110, 255)  coste     5.400    5.400
(  111, 210)  coste     11.200    11.200
(  111, 263)  coste     1.500    1.500
(  111, 285)  coste     2.500    2.500
(  111, 370)  coste     4.900    4.900
(  111, 398)  coste     7.000    7.000
(  111, 438)  coste     5.500    5.500
(  112, 130)  coste     2.400    2.400
(  112, 158)  coste     9.800    9.800
(  112, 180)  coste     9.700    9.700
(  112, 244)  coste     13.600    13.600
(  112, 294)  coste     3.000    3.000
(  112, 342)  coste     8.800    8.800
(  112, 479)  coste     5.900    5.900
(  112, 492)  coste     11.200    11.200
(  113, 154)  coste     1.300    1.300
(  113, 238)  coste     4.800    4.800
(  113, 281)  coste     7.100    7.100
(  113, 370)  coste     5.900    5.900
(  113, 456)  coste     4.100    4.100
(  113, 477)  coste     7.700    7.700
(  114, 189)  coste     7.900    7.900
(  114, 203)  coste     6.000    6.000
(  114, 289)  coste     4.500    4.500
(  114, 299)  coste     3.900    3.900
(  114, 322)  coste     2.100    2.100
(  114, 435)  coste     4.500    4.500
(  114, 473)  coste     6.600    6.600
(  115, 224)  coste     9.400    9.400
(  115, 227)  coste     9.400    9.400
(  115, 323)  coste     8.000    8.000
(  115, 329)  coste     11.700    11.700
(  115, 346)  coste     7.500    7.500
(  115, 393)  coste     7.600    7.600
(  115, 398)  coste     9.200    9.200
(  115, 456)  coste     13.300    13.300
(  115, 464)  coste     2.000    2.000
(  116, 281)  coste     3.700    3.700
(  117, 256)  coste     0.800    0.800
(  117, 361)  coste     1.400    1.400
(  117, 453)  coste     2.100    2.100
(  118, 188)  coste     3.000    3.000
(  118, 262)  coste     6.500    6.500
(  118, 387)  coste     1.500    1.500
(  118, 482)  coste     5.900    5.900
(  119, 404)  coste     2.000    2.000
(  120, 323)  coste     8.900    8.900
(  120, 324)  coste     8.700    8.700
(  120, 361)  coste     2.400    2.400
(  120, 428)  coste     10.000    10.000
(  121, 154)  coste     9.600    9.600
(  121, 344)  coste     11.600    11.600
(  121, 346)  coste     7.600    7.600
(  121, 353)  coste     13.400    13.400
(  121, 424)  coste     11.300    11.300
(  121, 431)  coste     12.200    12.200
(  122, 134)  coste     5.400    5.400
(  122, 188)  coste     3.100    3.100
(  122, 242)  coste     8.200    8.200
(  122, 318)  coste     7.800    7.800
(  122, 479)  coste     3.200    3.200
(  123, 341)  coste     6.600    6.600
(  123, 354)  coste     7.500    7.500
(  123, 374)  coste     5.700    5.700
(  123, 430)  coste     7.200    7.200
(  123, 479)  coste     3.500    3.500
(  124, 241)  coste     0.500    0.500
(  124, 337)  coste     5.500    5.500
(  124, 351)  coste     7.600    7.600
(  125, 131)  coste     3.300    3.300
(  125, 183)  coste     9.400    9.400
(  125, 194)  coste     2.500    2.500
(  125, 250)  coste     3.200    3.200
(  125, 356)  coste     0.200    0.200
(  125, 443)  coste     7.700    7.700
(  125, 485)  coste     3.700    3.700
(  126, 131)  coste     11.500    11.500
(  126, 209)  coste     12.000    12.000
(  126, 241)  coste     7.300    7.300
(  126, 349)  coste     9.200    9.200
(  126, 364)  coste     9.200    9.200
(  126, 372)  coste     5.700    5.700
(  126, 413)  coste     1.800    1.800
(  127, 164)  coste     10.500    10.500
(  127, 183)  coste     1.500    1.500
(  127, 234)  coste     4.700    4.700
(  127, 237)  coste     9.200    9.200
(  127, 341)  coste     8.500    8.500
(  127, 370)  coste     6.000    6.000
(  127, 414)  coste     9.200    9.200
(  127, 485)  coste     9.600    9.600
(  128, 140)  coste     9.900    9.900
(  128, 189)  coste     2.100    2.100
(  128, 200)  coste     3.700    3.700
(  128, 373)  coste     6.600    6.600
(  128, 436)  coste     7.700    7.700
(  129, 148)  coste     5.100    5.100
(  129, 171)  coste     5.600    5.600
(  129, 175)  coste     6.200    6.200
(  129, 418)  coste     3.900    3.900
(  130, 136)  coste     9.000    9.000
(  130, 160)  coste     11.700    11.700
(  130, 238)  coste     8.400    8.400
(  130, 406)  coste     9.600    9.600
(  130, 455)  coste     4.600    4.600
(  131, 192)  coste     6.100    6.100
(  131, 203)  coste     11.300    11.300
(  131, 254)  coste     9.200    9.200
(  131, 280)  coste     12.300    12.300
(  131, 304)  coste     6.600    6.600
(  131, 340)  coste     10.900    10.900
(  131, 404)  coste     5.500    5.500
(  131, 498)  coste     6.500    6.500
(  132, 206)  coste     3.100    3.100
(  132, 286)  coste     4.700    4.700
(  132, 354)  coste     2.500    2.500
(  132, 440)  coste     9.700    9.700
(  132, 445)  coste     3.600    3.600
(  132, 485)  coste     5.100    5.100
(  132, 489)  coste     4.700    4.700
(  133, 155)  coste     5.700    5.700
(  133, 179)  coste     7.300    7.300
(  133, 182)  coste     6.400    6.400
(  133, 215)  coste     3.200    3.200
(  133, 220)  coste     10.100    10.100
(  133, 308)  coste     6.000    6.000
(  133, 422)  coste     6.400    6.400
(  133, 434)  coste     3.200    3.200
(  134, 188)  coste     4.300    4.300
(  134, 274)  coste     7.800    7.800
(  134, 303)  coste     4.200    4.200
(  134, 361)  coste     5.200    5.200
(  134, 419)  coste     9.500    9.500
(  134, 424)  coste     2.500    2.500
(  134, 425)  coste     10.500    10.500
(  134, 434)  coste     6.600    6.600
(  134, 495)  coste     5.200    5.200
(  135, 145)  coste     10.900    10.900
(  135, 407)  coste     9.700    9.700
(  136, 281)  coste     5.100    5.100
(  136, 327)  coste     11.300    11.300
(  136, 339)  coste     8.400    8.400
(  136, 369)  coste     9.200    9.200
(  136, 441)  coste     8.800    8.800
(  136, 443)  coste     12.100    12.100
(  137, 197)  coste     4.900    4.900
(  137, 225)  coste     10.400    10.400
(  137, 367)  coste     8.800    8.800
(  137, 380)  coste     3.400    3.400
(  138, 174)  coste     5.900    5.900
(  138, 231)  coste     9.000    9.000
(  138, 298)  coste     3.800    3.800
(  138, 389)  coste     5.800    5.800
(  138, 407)  coste     3.100    3.100
(  138, 491)  coste     9.200    9.200
(  139, 140)  coste     6.100    6.100
(  139, 251)  coste     13.500    13.500
(  139, 304)  coste     4.700    4.700
(  139, 316)  coste     12.500    12.500
(  139, 386)  coste     6.000    6.000
(  139, 421)  coste     5.400    5.400
(  139, 453)  coste     6.400    6.400
(  140, 158)  coste     7.500    7.500
(  140, 163)  coste     5.400    5.400
(  140, 237)  coste     5.800    5.800
(  140, 257)  coste     5.600    5.600
(  140, 284)  coste     3.100    3.100
(  140, 287)  coste     6.100    6.100
(  140, 289)  coste     3.200    3.200
(  140, 290)  coste     6.100    6.100
(  140, 314)  coste     4.200    4.200
(  140, 321)  coste     4.500    4.500
(  140, 399)  coste     4.500    4.500
(  141, 176)  coste     8.400    8.400
(  141, 324)  coste     9.500    9.500
(  141, 360)  coste     7.700    7.700
(  141, 400)  coste     2.000    2.000
(  141, 427)  coste     5.100    5.100
(  141, 433)  coste     15.900    15.900
(  141, 437)  coste     9.500    9.500
(  141, 472)  coste     7.200    7.200
(  142, 145)  coste     7.900    7.900
(  142, 188)  coste     3.100    3.100
(  142, 219)  coste     10.200    10.200
(  142, 253)  coste     6.200    6.200
(  142, 279)  coste     6.700    6.700
(  142, 282)  coste     2.900    2.900
(  142, 336)  coste     2.200    2.200
(  142, 345)  coste     8.100    8.100
(  142, 365)  coste     3.700    3.700
(  142, 435)  coste     12.200    12.200
(  142, 468)  coste     1.400    1.400
(  143, 151)  coste     1.800    1.800
(  143, 157)  coste     7.900    7.900
(  143, 374)  coste     9.700    9.700
(  143, 385)  coste     7.400    7.400
(  144, 189)  coste     7.600    7.600
(  144, 357)  coste     5.400    5.400
(  144, 409)  coste     1.800    1.800
(  144, 473)  coste     2.700    2.700
(  145, 268)  coste     7.500    7.500
(  145, 322)  coste     7.700    7.700
(  145, 379)  coste     8.400    8.400
(  145, 415)  coste     7.600    7.600
(  145, 437)  coste     0.600    0.600
(  145, 446)  coste     1.900    1.900
(  146, 147)  coste     6.200    6.200
(  146, 185)  coste     8.800    8.800
(  146, 413)  coste     9.200    9.200
(  146, 465)  coste     2.400    2.400
(  147, 192)  coste     13.400    13.400
(  147, 239)  coste     2.500    2.500
(  147, 348)  coste     6.400    6.400
(  147, 486)  coste     7.400    7.400
(  148, 203)  coste     8.300    8.300
(  148, 298)  coste     13.800    13.800
(  148, 324)  coste     9.500    9.500
(  148, 358)  coste     6.000    6.000
(  149, 243)  coste     6.200    6.200
(  149, 430)  coste     7.700    7.700
(  150, 156)  coste     9.300    9.300
(  150, 256)  coste     5.300    5.300
(  150, 313)  coste     5.100    5.100
(  150, 319)  coste     3.100    3.100
(  150, 335)  coste     8.500    8.500
(  150, 397)  coste     8.600    8.600
(  150, 480)  coste     1.100    1.100
(  151, 236)  coste     10.900    10.900
(  151, 450)  coste     12.700    12.700
(  152, 156)  coste     4.600    4.600
(  152, 190)  coste     4.800    4.800
(  152, 246)  coste     9.300    9.300
(  152, 302)  coste     6.400    6.400
(  152, 318)  coste     10.800    10.800
(  152, 353)  coste     6.600    6.600
(  153, 201)  coste     7.400    7.400
(  153, 240)  coste     3.000    3.000
(  153, 411)  coste     9.000    9.000
(  153, 453)  coste     4.600    4.600
(  153, 495)  coste     2.300    2.300
(  154, 304)  coste     5.400    5.400
(  154, 330)  coste     5.400    5.400
(  154, 404)  coste     4.300    4.300
(  154, 416)  coste     12.400    12.400
(  154, 428)  coste     2.400    2.400
(  154, 457)  coste     6.800    6.800
(  155, 221)  coste     10.600    10.600
(  155, 247)  coste     8.900    8.900
(  155, 260)  coste     11.100    11.100
(  155, 298)  coste     2.100    2.100
(  155, 449)  coste     4.300    4.300
(  156, 165)  coste     10.900    10.900
(  156, 199)  coste     3.900    3.900
(  156, 255)  coste     6.000    6.000
(  156, 268)  coste     11.200    11.200
(  156, 280)  coste     4.100    4.100
(  156, 343)  coste     11.100    11.100
(  156, 488)  coste     11.400    11.400
(  157, 172)  coste     6.900    6.900
(  157, 268)  coste     1.400    1.400
(  157, 271)  coste     4.100    4.100
(  157, 294)  coste     4.100    4.100
(  157, 334)  coste     6.200    6.200
(  157, 344)  coste     5.600    5.600
(  157, 377)  coste     6.300    6.300
(  157, 457)  coste     12.400    12.400
(  157, 472)  coste     6.200    6.200
(  158, 384)  coste     5.700    5.700
(  158, 454)  coste     2.000    2.000
(  158, 459)  coste     1.000    1.000
(  158, 477)  coste     7.700    7.700
(  159, 161)  coste     5.400    5.400
(  159, 319)  coste     6.500    6.500
(  159, 398)  coste     7.800    7.800
(  159, 424)  coste     7.000    7.000
(  159, 477)  coste     4.300    4.300
(  160, 292)  coste     4.400    4.400
(  160, 327)  coste     7.400    7.400
(  160, 363)  coste     8.100    8.100
(  160, 417)  coste     0.400    0.400
(  161, 192)  coste     11.600    11.600
(  161, 205)  coste     11.800    11.800
(  161, 297)  coste     1.100    1.100
(  161, 467)  coste     3.000    3.000
(  161, 469)  coste     7.200    7.200
(  162, 268)  coste     8.600    8.600
(  162, 490)  coste     5.200    5.200
(  163, 191)  coste     7.300    7.300
(  163, 290)  coste     3.700    3.700
(  163, 318)  coste     5.800    5.800
(  163, 350)  coste     7.000    7.000
(  163, 352)  coste     7.200    7.200
(  163, 382)  coste     4.600    4.600
(  163, 423)  coste     5.800    5.800
(  163, 444)  coste     10.000    10.000
(  164, 177)  coste     1.500    1.500
(  164, 230)  coste     3.000    3.000
(  165, 215)  coste     11.100    11.100
(  165, 286)  coste     7.500    7.500
(  165, 302)  coste     2.700    2.700
(  165, 322)  coste     6.500    6.500
(  165, 372)  coste     4.700    4.700
(  165, 464)  coste     3.200    3.200
(  165, 472)  coste     4.500    4.500
(  166, 244)  coste     12.500    12.500
(  166, 315)  coste     7.500    7.500
(  166, 457)  coste     4.800    4.800
(  167, 312)  coste     13.000    13.000
(  167, 345)  coste     10.900    10.900
(  167, 398)  coste     5.300    5.300
(  167, 473)  coste     10.500    10.500
(  167, 493)  coste     1.400    1.400
(  168, 286)  coste     5.500    5.500
(  168, 370)  coste     5.500    5.500
(  168, 474)  coste     5.000    5.000
(  168, 490)  coste     9.900    9.900
(  169, 208)  coste     10.500    10.500
(  169, 224)  coste     13.000    13.000
(  169, 324)  coste     1.600    1.600
(  169, 335)  coste     0.900    0.900
(  169, 341)  coste     4.000    4.000
(  169, 457)  coste     4.100    4.100
(  169, 460)  coste     6.300    6.300
(  169, 489)  coste     2.900    2.900
(  170, 250)  coste     7.600    7.600
(  170, 287)  coste     4.000    4.000
(  170, 308)  coste     9.700    9.700
(  170, 490)  coste     8.300    8.300
(  171, 191)  coste     8.200    8.200
(  171, 252)  coste     5.900    5.900
(  171, 296)  coste     9.300    9.300
(  171, 309)  coste     8.100    8.100
(  171, 358)  coste     6.500    6.500
(  171, 370)  coste     9.700    9.700
(  171, 417)  coste     6.500    6.500
(  171, 482)  coste     3.500    3.500
(  172, 333)  coste     12.300    12.300
(  172, 426)  coste     0.900    0.900
(  172, 465)  coste     5.200    5.200
(  174, 222)  coste     7.400    7.400
(  174, 233)  coste     5.800    5.800
(  174, 305)  coste     3.900    3.900
(  174, 329)  coste     6.100    6.100
(  174, 380)  coste     6.200    6.200
(  175, 202)  coste     11.300    11.300
(  175, 223)  coste     6.000    6.000
(  175, 291)  coste     8.000    8.000
(  175, 369)  coste     8.200    8.200
(  175, 401)  coste     3.300    3.300
(  175, 422)  coste     5.700    5.700
(  175, 467)  coste     8.600    8.600
(  176, 219)  coste     9.200    9.200
(  176, 238)  coste     5.700    5.700
(  176, 273)  coste     3.200    3.200
(  176, 401)  coste     3.800    3.800
(  176, 418)  coste     4.400    4.400
(  177, 226)  coste     3.000    3.000
(  177, 227)  coste     12.300    12.300
(  177, 274)  coste     8.000    8.000
(  177, 327)  coste     8.600    8.600
(  177, 396)  coste     6.300    6.300
(  177, 415)  coste     3.500    3.500
(  177, 417)  coste     6.200    6.200
(  177, 478)  coste     7.800    7.800
(  178, 215)  coste     7.700    7.700
(  178, 359)  coste     2.200    2.200
(  178, 365)  coste     10.400    10.400
(  179, 405)  coste     3.500    3.500
(  179, 470)  coste     5.200    5.200
(  180, 196)  coste     8.900    8.900
(  180, 241)  coste     5.200    5.200
(  180, 344)  coste     9.400    9.400
(  180, 379)  coste     11.300    11.300
(  180, 397)  coste     2.100    2.100
(  181, 222)  coste     9.800    9.800
(  181, 250)  coste     3.600    3.600
(  181, 265)  coste     4.800    4.800
(  181, 463)  coste     10.600    10.600
(  181, 485)  coste     7.700    7.700
(  182, 184)  coste     4.200    4.200
(  182, 250)  coste     3.300    3.300
(  183, 343)  coste     5.800    5.800
(  183, 411)  coste     8.800    8.800
(  183, 499)  coste     8.500    8.500
(  184, 203)  coste     6.700    6.700
(  184, 388)  coste     12.500    12.500
(  184, 406)  coste     9.300    9.300
(  185, 281)  coste     11.900    11.900
(  185, 314)  coste     15.900    15.900
(  185, 322)  coste     9.300    9.300
(  186, 308)  coste     7.600    7.600
(  187, 203)  coste     10.600    10.600
(  188, 206)  coste     5.500    5.500
(  188, 295)  coste     5.200    5.200
(  188, 382)  coste     6.100    6.100
(  188, 472)  coste     4.700    4.700
(  188, 489)  coste     5.100    5.100
(  189, 206)  coste     2.200    2.200
(  189, 257)  coste     5.200    5.200
(  189, 314)  coste     12.400    12.400
(  189, 404)  coste     9.100    9.100
(  189, 482)  coste     6.200    6.200
(  189, 486)  coste     6.500    6.500
(  190, 202)  coste     5.400    5.400
(  190, 313)  coste     3.400    3.400
(  190, 315)  coste     3.100    3.100
(  190, 401)  coste     2.600    2.600
(  190, 445)  coste     2.700    2.700
(  190, 473)  coste     5.300    5.300
(  190, 490)  coste     5.000    5.000
(  190, 494)  coste     7.600    7.600
(  190, 500)  coste     2.100    2.100
(  191, 222)  coste     7.800    7.800
(  191, 239)  coste     6.700    6.700
(  191, 414)  coste     2.100    2.100
(  192, 318)  coste     15.500    15.500
(  192, 424)  coste     12.600    12.600
(  192, 448)  coste     10.500    10.500
(  192, 449)  coste     4.100    4.100
(  193, 274)  coste     3.600    3.600
(  193, 288)  coste     7.100    7.100
(  193, 343)  coste     9.900    9.900
(  193, 344)  coste     14.200    14.200
(  193, 369)  coste     9.700    9.700
(  193, 460)  coste     13.800    13.800
(  194, 197)  coste     8.200    8.200
(  194, 255)  coste     17.200    17.200
(  194, 282)  coste     2.900    2.900
(  194, 315)  coste     3.700    3.700
(  194, 316)  coste     1.400    1.400
(  194, 326)  coste     5.000    5.000
(  194, 382)  coste     15.000    15.000
(  195, 214)  coste     10.700    10.700
(  195, 266)  coste     6.900    6.900
(  195, 303)  coste     9.800    9.800
(  196, 203)  coste     3.200    3.200
(  196, 283)  coste     14.100    14.100
(  196, 301)  coste     4.300    4.300
(  196, 471)  coste     7.500    7.500
(  197, 200)  coste     4.200    4.200
(  197, 320)  coste     9.700    9.700
(  197, 454)  coste     10.700    10.700
(  197, 466)  coste     4.400    4.400
(  197, 489)  coste     7.800    7.800
(  198, 214)  coste     0.800    0.800
(  198, 232)  coste     2.600    2.600
(  198, 233)  coste     6.000    6.000
(  198, 318)  coste     7.900    7.900
(  198, 391)  coste     12.700    12.700
(  198, 394)  coste     5.300    5.300
(  199, 254)  coste     8.700    8.700
(  199, 258)  coste     11.100    11.100
(  199, 293)  coste     3.600    3.600
(  199, 300)  coste     8.700    8.700
(  199, 334)  coste     10.900    10.900
(  199, 357)  coste     4.300    4.300
(  199, 477)  coste     2.300    2.300
(  200, 253)  coste     8.000    8.000
(  200, 259)  coste     1.200    1.200
(  200, 376)  coste     5.500    5.500
(  200, 394)  coste     9.400    9.400
(  200, 495)  coste     5.800    5.800
(  201, 314)  coste     14.500    14.500
(  202, 267)  coste     5.400    5.400
(  202, 403)  coste     2.600    2.600
(  203, 221)  coste     3.800    3.800
(  203, 330)  coste     4.700    4.700
(  203, 369)  coste     7.600    7.600
(  203, 396)  coste     10.000    10.000
(  204, 235)  coste     3.300    3.300
(  204, 244)  coste     11.100    11.100
(  204, 273)  coste     6.200    6.200
(  204, 304)  coste     4.400    4.400
(  204, 306)  coste     5.800    5.800
(  204, 325)  coste     5.400    5.400
(  204, 395)  coste     4.800    4.800
(  204, 480)  coste     6.400    6.400
(  205, 353)  coste     15.500    15.500
(  205, 431)  coste     14.300    14.300
(  205, 462)  coste     8.900    8.900
(  206, 226)  coste     5.200    5.200
(  206, 228)  coste     7.900    7.900
(  206, 413)  coste     12.500    12.500
(  206, 430)  coste     6.300    6.300
(  206, 436)  coste     12.000    12.000
(  206, 466)  coste     4.400    4.400
(  206, 492)  coste     2.300    2.300
(  207, 379)  coste     5.800    5.800
(  207, 419)  coste     14.600    14.600
(  208, 269)  coste     13.900    13.900
(  208, 435)  coste     14.200    14.200
(  208, 496)  coste     4.800    4.800
(  209, 240)  coste     13.000    13.000
(  209, 375)  coste     14.100    14.100
(  209, 428)  coste     1.700    1.700
(  209, 498)  coste     7.000    7.000
(  210, 395)  coste     4.700    4.700
(  210, 399)  coste     3.400    3.400
(  211, 275)  coste     2.400    2.400
(  211, 306)  coste     13.900    13.900
(  211, 309)  coste     7.900    7.900
(  211, 375)  coste     7.900    7.900
(  211, 377)  coste     9.400    9.400
(  211, 392)  coste     11.300    11.300
(  211, 442)  coste     8.500    8.500
(  211, 445)  coste     8.400    8.400
(  212, 300)  coste     12.300    12.300
(  212, 391)  coste     0.900    0.900
(  212, 395)  coste     8.900    8.900
(  212, 441)  coste     2.400    2.400
(  213, 266)  coste     7.900    7.900
(  213, 316)  coste     3.400    3.400
(  213, 379)  coste     6.500    6.500
(  213, 383)  coste     4.800    4.800
(  213, 454)  coste     4.700    4.700
(  213, 455)  coste     10.700    10.700
(  214, 270)  coste     4.700    4.700
(  214, 293)  coste     5.600    5.600
(  214, 343)  coste     5.800    5.800
(  214, 353)  coste     2.900    2.900
(  215, 242)  coste     3.400    3.400
(  215, 320)  coste     11.500    11.500
(  215, 452)  coste     13.200    13.200
(  215, 453)  coste     7.900    7.900
(  216, 246)  coste     6.000    6.000
(  216, 297)  coste     8.500    8.500
(  216, 345)  coste     3.800    3.800
(  216, 388)  coste     7.200    7.200
(  216, 419)  coste     2.200    2.200
(  216, 469)  coste     10.200    10.200
(  217, 357)  coste     6.300    6.300
(  217, 415)  coste     4.400    4.400
(  218, 295)  coste     12.400    12.400
(  218, 434)  coste     11.900    11.900
(  218, 436)  coste     4.500    4.500
(  218, 443)  coste     11.100    11.100
(  218, 498)  coste     8.600    8.600
(  219, 220)  coste     2.900    2.900
(  219, 329)  coste     6.800    6.800
(  219, 429)  coste     13.500    13.500
(  220, 275)  coste     7.800    7.800
(  220, 293)  coste     4.200    4.200
(  220, 323)  coste     5.200    5.200
(  220, 337)  coste     11.300    11.300
(  220, 367)  coste     8.400    8.400
(  220, 386)  coste     4.800    4.800
(  220, 474)  coste     7.200    7.200
(  221, 350)  coste     7.700    7.700
(  221, 352)  coste     8.900    8.900
(  221, 415)  coste     6.000    6.000
(  222, 235)  coste     2.200    2.200
(  222, 249)  coste     5.200    5.200
(  222, 413)  coste     6.000    6.000
(  223, 414)  coste     4.500    4.500
(  224, 307)  coste     7.500    7.500
(  224, 324)  coste     11.400    11.400
(  224, 364)  coste     9.400    9.400
(  225, 367)  coste     1.600    1.600
(  225, 433)  coste     5.000    5.000
(  225, 476)  coste     7.500    7.500
(  226, 233)  coste     5.300    5.300
(  226, 288)  coste     1.900    1.900
(  226, 425)  coste     5.700    5.700
(  226, 449)  coste     4.200    4.200
(  226, 481)  coste     4.000    4.000
(  226, 495)  coste     2.800    2.800
(  227, 258)  coste     8.100    8.100
(  227, 286)  coste     11.900    11.900
(  227, 427)  coste     5.800    5.800
(  228, 257)  coste     6.900    6.900
(  228, 303)  coste     8.500    8.500
(  228, 371)  coste     1.300    1.300
(  228, 397)  coste     4.400    4.400
(  228, 416)  coste     4.900    4.900
(  228, 473)  coste     4.000    4.000
(  228, 498)  coste     5.000    5.000
(  229, 299)  coste     10.000    10.000
(  229, 322)  coste     6.000    6.000
(  229, 374)  coste     7.400    7.400
(  229, 430)  coste     9.700    9.700
(  229, 455)  coste     9.500    9.500
(  229, 459)  coste     2.100    2.100
(  230, 439)  coste     1.000    1.000
(  230, 449)  coste     3.500    3.500
(  230, 481)  coste     8.900    8.900
(  231, 258)  coste     3.800    3.800
(  231, 262)  coste     7.800    7.800
(  231, 301)  coste     6.600    6.600
(  231, 338)  coste     5.800    5.800
(  231, 362)  coste     3.400    3.400
(  231, 385)  coste     5.900    5.900
(  231, 459)  coste     8.900    8.900
(  232, 287)  coste     0.800    0.800
(  232, 331)  coste     1.200    1.200
(  232, 343)  coste     8.400    8.400
(  232, 476)  coste     6.500    6.500
(  233, 282)  coste     4.800    4.800
(  233, 319)  coste     2.700    2.700
(  233, 332)  coste     2.500    2.500
(  233, 339)  coste     2.600    2.600
(  233, 404)  coste     10.200    10.200
(  233, 487)  coste     9.900    9.900
(  234, 277)  coste     5.300    5.300
(  234, 386)  coste     4.200    4.200
(  235, 259)  coste     10.300    10.300
(  235, 309)  coste     5.100    5.100
(  235, 320)  coste     2.000    2.000
(  235, 372)  coste     4.700    4.700
(  235, 394)  coste     5.700    5.700
(  236, 294)  coste     0.700    0.700
(  236, 310)  coste     10.000    10.000
(  236, 414)  coste     8.200    8.200
(  237, 302)  coste     8.800    8.800
(  237, 316)  coste     3.200    3.200
(  237, 416)  coste     12.000    12.000
(  237, 454)  coste     4.100    4.100
(  237, 465)  coste     4.900    4.900
(  238, 245)  coste     5.600    5.600
(  238, 338)  coste     5.300    5.300
(  238, 407)  coste     8.600    8.600
(  238, 444)  coste     12.500    12.500
(  238, 474)  coste     7.000    7.000
(  239, 240)  coste     5.300    5.300
(  239, 411)  coste     6.700    6.700
(  240, 262)  coste     2.700    2.700
(  240, 283)  coste     14.500    14.500
(  241, 264)  coste     3.400    3.400
(  241, 274)  coste     5.600    5.600
(  241, 296)  coste     3.400    3.400
(  241, 311)  coste     4.400    4.400
(  241, 358)  coste     4.400    4.400
(  241, 430)  coste     9.300    9.300
(  241, 462)  coste     3.800    3.800
(  242, 399)  coste     4.700    4.700
(  242, 415)  coste     5.300    5.300
(  242, 438)  coste     7.400    7.400
(  243, 267)  coste     5.000    5.000
(  243, 296)  coste     2.800    2.800
(  244, 263)  coste     13.100    13.100
(  244, 278)  coste     5.000    5.000
(  244, 304)  coste     10.500    10.500
(  244, 349)  coste     6.200    6.200
(  244, 358)  coste     3.700    3.700
(  244, 368)  coste     5.900    5.900
(  244, 468)  coste     5.700    5.700
(  245, 248)  coste     1.200    1.200
(  245, 254)  coste     7.300    7.300
(  245, 331)  coste     5.400    5.400
(  245, 337)  coste     9.300    9.300
(  245, 366)  coste     4.700    4.700
(  245, 382)  coste     4.300    4.300
(  245, 441)  coste     2.600    2.600
(  245, 456)  coste     8.500    8.500
(  246, 300)  coste     7.100    7.100
(  246, 356)  coste     8.200    8.200
(  246, 434)  coste     11.100    11.100
(  246, 467)  coste     3.800    3.800
(  246, 484)  coste     11.700    11.700
(  246, 493)  coste     8.100    8.100
(  247, 291)  coste     4.100    4.100
(  247, 329)  coste     7.000    7.000
(  247, 374)  coste     5.200    5.200
(  247, 465)  coste     1.900    1.900
(  248, 269)  coste     7.800    7.800
(  249, 366)  coste     5.500    5.500
(  249, 385)  coste     2.000    2.000
(  250, 368)  coste     1.900    1.900
(  250, 409)  coste     5.700    5.700
(  250, 433)  coste     10.400    10.400
(  250, 470)  coste     1.000    1.000
(  251, 331)  coste     4.900    4.900
(  251, 380)  coste     9.300    9.300
(  251, 473)  coste     11.700    11.700
(  252, 316)  coste     12.800    12.800
(  252, 326)  coste     9.200    9.200
(  252, 410)  coste     10.600    10.600
(  252, 419)  coste     4.300    4.300
(  252, 449)  coste     8.600    8.600
(  253, 339)  coste     6.900    6.900
(  253, 343)  coste     5.900    5.900
(  253, 375)  coste     4.200    4.200
(  253, 495)  coste     2.200    2.200
(  254, 299)  coste     6.400    6.400
(  254, 315)  coste     4.700    4.700
(  254, 405)  coste     8.000    8.000
(  255, 428)  coste     14.200    14.200
(  255, 430)  coste     7.500    7.500
(  256, 343)  coste     2.100    2.100
(  257, 273)  coste     4.000    4.000
(  257, 287)  coste     1.500    1.500
(  257, 368)  coste     0.200    0.200
(  257, 397)  coste     4.300    4.300
(  257, 400)  coste     6.400    6.400
(  257, 406)  coste     3.300    3.300
(  257, 437)  coste     9.500    9.500
(  257, 439)  coste     3.100    3.100
(  258, 367)  coste     4.900    4.900
(  259, 295)  coste     4.300    4.300
(  259, 296)  coste     7.400    7.400
(  259, 351)  coste     11.700    11.700
(  259, 363)  coste     7.100    7.100
(  259, 411)  coste     6.900    6.900
(  259, 416)  coste     13.400    13.400
(  259, 439)  coste     7.300    7.300
(  260, 289)  coste     3.400    3.400
(  260, 339)  coste     8.300    8.300
(  261, 306)  coste     7.200    7.200
(  261, 330)  coste     3.600    3.600
(  261, 427)  coste     4.700    4.700
(  261, 475)  coste     2.200    2.200
(  262, 303)  coste     9.600    9.600
(  262, 317)  coste     2.800    2.800
(  262, 414)  coste     8.200    8.200
(  262, 418)  coste     6.600    6.600
(  263, 416)  coste     4.400    4.400
(  263, 484)  coste     1.600    1.600
(  264, 266)  coste     3.300    3.300
(  264, 321)  coste     5.900    5.900
(  264, 347)  coste     6.300    6.300
(  264, 355)  coste     6.800    6.800
(  264, 410)  coste     6.400    6.400
(  264, 437)  coste     4.100    4.100
(  265, 356)  coste     1.000    1.000
(  265, 368)  coste     2.500    2.500
(  265, 383)  coste     3.300    3.300
(  265, 408)  coste     2.800    2.800
(  265, 431)  coste     2.900    2.900
(  265, 447)  coste     7.500    7.500
(  266, 276)  coste     4.900    4.900
(  267, 321)  coste     8.700    8.700
(  267, 357)  coste     6.400    6.400
(  267, 450)  coste     6.600    6.600
(  268, 270)  coste     10.600    10.600
(  268, 370)  coste     7.800    7.800
(  268, 410)  coste     4.000    4.000
(  268, 445)  coste     6.700    6.700
(  269, 320)  coste     3.600    3.600
(  269, 342)  coste     3.000    3.000
(  269, 428)  coste     4.500    4.500
(  270, 394)  coste     1.600    1.600
(  270, 486)  coste     3.100    3.100
(  270, 492)  coste     8.900    8.900
(  271, 305)  coste     7.500    7.500
(  271, 320)  coste     4.200    4.200
(  271, 397)  coste     5.000    5.000
(  271, 412)  coste     6.000    6.000
(  271, 436)  coste     6.100    6.100
(  271, 439)  coste     8.000    8.000
(  272, 495)  coste     3.200    3.200
(  273, 392)  coste     0.800    0.800
(  273, 459)  coste     2.100    2.100
(  274, 308)  coste     4.000    4.000
(  274, 346)  coste     9.400    9.400
(  275, 308)  coste     1.300    1.300
(  275, 350)  coste     10.100    10.100
(  275, 363)  coste     1.600    1.600
(  276, 277)  coste     6.800    6.800
(  276, 326)  coste     3.200    3.200
(  276, 446)  coste     10.000    10.000
(  276, 495)  coste     8.000    8.000
(  277, 295)  coste     4.900    4.900
(  277, 479)  coste     8.800    8.800
(  277, 497)  coste     3.000    3.000
(  278, 285)  coste     10.700    10.700
(  278, 318)  coste     11.900    11.900
(  278, 474)  coste     2.000    2.000
(  278, 481)  coste     7.700    7.700
(  278, 489)  coste     4.300    4.300
(  279, 294)  coste     9.400    9.400
(  279, 348)  coste     1.600    1.600
(  279, 394)  coste     5.300    5.300
(  280, 372)  coste     6.500    6.500
(  280, 415)  coste     8.800    8.800
(  280, 482)  coste     6.500    6.500
(  280, 485)  coste     11.100    11.100
(  281, 336)  coste     9.000    9.000
(  281, 375)  coste     6.600    6.600
(  281, 410)  coste     7.400    7.400
(  281, 469)  coste     7.900    7.900
(  282, 353)  coste     2.900    2.900
(  282, 366)  coste     8.900    8.900
(  282, 415)  coste     3.200    3.200
(  282, 442)  coste     4.500    4.500
(  283, 308)  coste     7.800    7.800
(  283, 329)  coste     4.200    4.200
(  283, 382)  coste     14.400    14.400
(  284, 352)  coste     5.500    5.500
(  284, 457)  coste     7.700    7.700
(  284, 462)  coste     5.100    5.100
(  284, 464)  coste     5.200    5.200
(  285, 302)  coste     3.000    3.000
(  285, 335)  coste     8.400    8.400
(  286, 377)  coste     3.700    3.700
(  286, 422)  coste     5.400    5.400
(  286, 457)  coste     6.000    6.000
(  286, 466)  coste     3.400    3.400
(  286, 472)  coste     6.400    6.400
(  287, 319)  coste     8.900    8.900
(  289, 344)  coste     10.600    10.600
(  289, 361)  coste     4.600    4.600
(  289, 382)  coste     2.600    2.600
(  289, 467)  coste     5.700    5.700
(  289, 468)  coste     8.000    8.000
(  290, 360)  coste     3.200    3.200
(  290, 412)  coste     3.600    3.600
(  290, 489)  coste     4.700    4.700
(  291, 346)  coste     5.100    5.100
(  291, 456)  coste     9.100    9.100
(  291, 473)  coste     3.800    3.800
(  292, 310)  coste     8.400    8.400
(  292, 326)  coste     3.800    3.800
(  292, 393)  coste     6.700    6.700
(  294, 343)  coste     5.400    5.400
(  294, 386)  coste     4.400    4.400
(  294, 478)  coste     0.500    0.500
(  295, 320)  coste     12.200    12.200
(  296, 407)  coste     2.500    2.500
(  297, 434)  coste     6.200    6.200
(  297, 472)  coste     10.200    10.200
(  298, 430)  coste     14.300    14.300
(  299, 421)  coste     1.500    1.500
(  299, 425)  coste     5.900    5.900
(  299, 472)  coste     3.600    3.600
(  299, 490)  coste     1.800    1.800
(  300, 377)  coste     5.500    5.500
(  300, 396)  coste     0.500    0.500
(  302, 381)  coste     4.600    4.600
(  302, 446)  coste     5.800    5.800
(  303, 355)  coste     11.400    11.400
(  303, 364)  coste     8.300    8.300
(  304, 417)  coste     7.400    7.400
(  305, 394)  coste     8.200    8.200
(  305, 419)  coste     12.300    12.300
(  306, 331)  coste     4.900    4.900
(  306, 342)  coste     4.900    4.900
(  306, 378)  coste     5.100    5.100
(  306, 413)  coste     10.300    10.300
(  306, 428)  coste     2.800    2.800
(  306, 438)  coste     9.200    9.200
(  306, 463)  coste     9.900    9.900
(  306, 490)  coste     8.800    8.800
(  307, 386)  coste     4.100    4.100
(  307, 451)  coste     2.500    2.500
(  307, 473)  coste     8.300    8.300
(  308, 314)  coste     11.400    11.400
(  308, 420)  coste     8.800    8.800
(  309, 400)  coste     6.400    6.400
(  309, 437)  coste     5.900    5.900
(  309, 468)  coste     5.800    5.800
(  310, 328)  coste     0.700    0.700
(  310, 404)  coste     1.500    1.500
(  310, 439)  coste     8.300    8.300
(  310, 464)  coste     6.900    6.900
(  311, 436)  coste     13.000    13.000
(  311, 476)  coste     4.600    4.600
(  311, 485)  coste     3.400    3.400
(  311, 494)  coste     6.800    6.800
(  311, 496)  coste     4.600    4.600
(  312, 395)  coste     7.800    7.800
(  313, 425)  coste     6.900    6.900
(  314, 330)  coste     6.400    6.400
(  314, 397)  coste     2.900    2.900
(  314, 415)  coste     8.700    8.700
(  314, 418)  coste     5.800    5.800
(  315, 407)  coste     8.800    8.800
(  315, 422)  coste     9.900    9.900
(  315, 426)  coste     11.500    11.500
(  316, 373)  coste     11.700    11.700
(  316, 422)  coste     9.800    9.800
(  316, 481)  coste     9.600    9.600
(  317, 344)  coste     12.000    12.000
(  317, 345)  coste     4.700    4.700
(  317, 396)  coste     9.900    9.900
(  317, 423)  coste     9.200    9.200
(  318, 355)  coste     11.200    11.200
(  318, 388)  coste     14.700    14.700
(  318, 408)  coste     8.300    8.300
(  319, 452)  coste     7.800    7.800
(  319, 453)  coste     6.100    6.100
(  319, 495)  coste     5.800    5.800
(  320, 414)  coste     6.900    6.900
(  320, 426)  coste     4.100    4.100
(  320, 453)  coste     4.800    4.800
(  321, 341)  coste     4.200    4.200
(  321, 464)  coste     8.400    8.400
(  321, 468)  coste     9.500    9.500
(  321, 471)  coste     2.500    2.500
(  321, 498)  coste     8.600    8.600
(  322, 331)  coste     0.700    0.700
(  322, 342)  coste     4.900    4.900
(  322, 348)  coste     2.300    2.300
(  322, 353)  coste     6.000    6.000
(  322, 492)  coste     5.100    5.100
(  323, 369)  coste     6.600    6.600
(  323, 401)  coste     2.300    2.300
(  324, 446)  coste     7.300    7.300
(  326, 355)  coste     1.800    1.800
(  326, 364)  coste     3.700    3.700
(  326, 442)  coste     3.000    3.000
(  326, 496)  coste     5.800    5.800
(  327, 333)  coste     7.200    7.200
(  327, 355)  coste     9.600    9.600
(  327, 391)  coste     5.600    5.600
(  327, 461)  coste     9.200    9.200
(  327, 476)  coste     2.400    2.400
(  328, 414)  coste     4.700    4.700
(  328, 451)  coste     5.400    5.400
(  330, 358)  coste     6.800    6.800
(  330, 467)  coste     5.700    5.700
(  331, 342)  coste     5.200    5.200
(  331, 374)  coste     7.700    7.700
(  331, 398)  coste     5.800    5.800
(  331, 404)  coste     2.800    2.800
(  332, 360)  coste     8.900    8.900
(  332, 374)  coste     2.200    2.200
(  332, 386)  coste     6.900    6.900
(  332, 438)  coste     5.600    5.600
(  333, 367)  coste     2.300    2.300
(  333, 377)  coste     1.500    1.500
(  333, 400)  coste     7.000    7.000
(  333, 408)  coste     2.900    2.900
(  334, 425)  coste     9.100    9.100
(  335, 377)  coste     2.700    2.700
(  335, 398)  coste     2.700    2.700
(  335, 467)  coste     9.100    9.100
(  335, 478)  coste     10.000    10.000
(  336, 380)  coste     6.100    6.100
(  337, 475)  coste     9.400    9.400
(  337, 499)  coste     8.800    8.800
(  338, 420)  coste     7.000    7.000
(  338, 446)  coste     3.000    3.000
(  339, 398)  coste     10.600    10.600
(  339, 425)  coste     8.400    8.400
(  340, 365)  coste     9.200    9.200
(  340, 373)  coste     0.800    0.800
(  340, 441)  coste     1.400    1.400
(  340, 462)  coste     6.900    6.900
(  341, 367)  coste     3.200    3.200
(  341, 375)  coste     11.300    11.300
(  341, 497)  coste     1.500    1.500
(  342, 348)  coste     6.800    6.800
(  343, 396)  coste     2.200    2.200
(  343, 486)  coste     7.400    7.400
(  344, 402)  coste     6.300    6.300
(  344, 437)  coste     12.100    12.100
(  345, 373)  coste     3.400    3.400
(  346, 352)  coste     10.400    10.400
(  346, 374)  coste     11.600    11.600
(  346, 427)  coste     9.500    9.500
(  347, 383)  coste     1.500    1.500
(  347, 413)  coste     12.200    12.200
(  348, 363)  coste     6.200    6.200
(  348, 418)  coste     2.100    2.100
(  349, 377)  coste     4.400    4.400
(  349, 384)  coste     6.300    6.300
(  349, 487)  coste     6.500    6.500
(  350, 438)  coste     7.800    7.800
(  350, 448)  coste     7.800    7.800
(  351, 462)  coste     7.900    7.900
(  353, 366)  coste     11.800    11.800
(  353, 480)  coste     3.400    3.400
(  353, 482)  coste     11.800    11.800
(  355, 402)  coste     8.100    8.100
(  355, 413)  coste     12.700    12.700
(  356, 400)  coste     6.100    6.100
(  356, 460)  coste     0.900    0.900
(  357, 386)  coste     2.300    2.300
(  357, 448)  coste     3.600    3.600
(  358, 436)  coste     13.000    13.000
(  359, 394)  coste     3.300    3.300
(  359, 442)  coste     5.900    5.900
(  359, 468)  coste     6.300    6.300
(  360, 393)  coste     1.800    1.800
(  360, 419)  coste     6.800    6.800
(  360, 430)  coste     8.200    8.200
(  360, 486)  coste     1.200    1.200
(  361, 422)  coste     11.800    11.800
(  361, 450)  coste     3.000    3.000
(  361, 454)  coste     9.300    9.300
(  361, 485)  coste     6.800    6.800
(  361, 499)  coste     9.200    9.200
(  362, 398)  coste     9.500    9.500
(  363, 451)  coste     6.400    6.400
(  364, 416)  coste     11.300    11.300
(  364, 486)  coste     1.600    1.600
(  365, 411)  coste     10.800    10.800
(  365, 421)  coste     6.600    6.600
(  365, 480)  coste     5.500    5.500
(  365, 485)  coste     10.700    10.700
(  366, 384)  coste     3.600    3.600
(  366, 402)  coste     9.500    9.500
(  366, 442)  coste     8.200    8.200
(  366, 443)  coste     11.800    11.800
(  366, 490)  coste     7.200    7.200
(  366, 499)  coste     3.400    3.400
(  367, 420)  coste     1.900    1.900
(  367, 457)  coste     4.900    4.900
(  367, 497)  coste     4.300    4.300
(  368, 373)  coste     8.500    8.500
(  368, 411)  coste     2.300    2.300
(  368, 414)  coste     2.400    2.400
(  368, 457)  coste     7.800    7.800
(  369, 443)  coste     3.900    3.900
(  369, 474)  coste     6.600    6.600
(  370, 386)  coste     3.500    3.500
(  370, 402)  coste     6.700    6.700
(  370, 407)  coste     4.100    4.100
(  370, 420)  coste     5.000    5.000
(  370, 455)  coste     7.100    7.100
(  370, 460)  coste     6.200    6.200
(  370, 497)  coste     3.200    3.200
(  371, 374)  coste     8.000    8.000
(  371, 460)  coste     9.400    9.400
(  372, 410)  coste     4.800    4.800
(  372, 451)  coste     4.900    4.900
(  372, 453)  coste     0.900    0.900
(  373, 397)  coste     6.200    6.200
(  374, 405)  coste     6.800    6.800
(  374, 469)  coste     9.500    9.500
(  374, 471)  coste     7.800    7.800
(  375, 432)  coste     11.200    11.200
(  375, 463)  coste     0.700    0.700
(  376, 406)  coste     3.400    3.400
(  376, 433)  coste     8.400    8.400
(  376, 488)  coste     6.300    6.300
(  377, 395)  coste     3.500    3.500
(  377, 451)  coste     1.000    1.000
(  378, 390)  coste     3.200    3.200
(  378, 392)  coste     2.300    2.300
(  378, 421)  coste     8.000    8.000
(  379, 453)  coste     3.600    3.600
(  379, 482)  coste     6.500    6.500
(  379, 483)  coste     7.600    7.600
(  379, 484)  coste     9.900    9.900
(  379, 492)  coste     4.200    4.200
(  380, 400)  coste     1.300    1.300
(  380, 449)  coste     8.700    8.700
(  380, 450)  coste     2.300    2.300
(  381, 410)  coste     4.800    4.800
(  381, 474)  coste     9.700    9.700
(  382, 394)  coste     7.600    7.600
(  382, 412)  coste     8.300    8.300
(  383, 388)  coste     10.700    10.700
(  383, 462)  coste     9.200    9.200
(  384, 481)  coste     7.400    7.400
(  386, 421)  coste     0.600    0.600
(  386, 432)  coste     4.700    4.700
(  387, 459)  coste     5.100    5.100
(  388, 458)  coste     5.700    5.700
(  388, 461)  coste     3.900    3.900
(  388, 495)  coste     8.100    8.100
(  389, 396)  coste     5.900    5.900
(  390, 432)  coste     1.900    1.900
(  390, 438)  coste     7.900    7.900
(  391, 454)  coste     11.300    11.300
(  391, 477)  coste     5.400    5.400
(  392, 398)  coste     3.500    3.500
(  393, 448)  coste     3.300    3.300
(  394, 452)  coste     5.400    5.400
(  394, 454)  coste     3.900    3.900
(  394, 474)  coste     1.900    1.900
(  395, 418)  coste     3.600    3.600
(  396, 401)  coste     4.700    4.700
(  396, 403)  coste     5.500    5.500
(  396, 417)  coste     2.100    2.100
(  396, 422)  coste     11.300    11.300
(  396, 423)  coste     1.100    1.100
(  396, 460)  coste     1.700    1.700
(  397, 406)  coste     3.000    3.000
(  397, 447)  coste     2.700    2.700
(  398, 495)  coste     8.500    8.500
(  399, 425)  coste     4.800    4.800
(  399, 447)  coste     4.100    4.100
(  399, 448)  coste     6.300    6.300
(  400, 407)  coste     10.100    10.100
(  400, 497)  coste     4.800    4.800
(  401, 422)  coste     6.600    6.600
(  402, 462)  coste     10.100    10.100
(  404, 434)  coste     8.700    8.700
(  404, 489)  coste     2.300    2.300
(  406, 412)  coste     10.000    10.000
(  406, 430)  coste     11.400    11.400
(  406, 444)  coste     4.300    4.300
(  407, 420)  coste     9.100    9.100
(  407, 481)  coste     7.700    7.700
(  408, 433)  coste     8.200    8.200
(  410, 484)  coste     9.200    9.200
(  411, 460)  coste     4.900    4.900
(  412, 430)  coste     3.000    3.000
(  414, 463)  coste     11.300    11.300
(  415, 498)  coste     3.400    3.400
(  417, 466)  coste     3.000    3.000
(  418, 471)  coste     1.400    1.400
(  419, 430)  coste     9.600    9.600
(  420, 466)  coste     6.400    6.400
(  422, 432)  coste     4.200    4.200
(  422, 452)  coste     8.000    8.000
(  422, 480)  coste     10.200    10.200
(  423, 439)  coste     7.900    7.900
(  423, 466)  coste     3.600    3.600
(  423, 468)  coste     0.400    0.400
(  424, 445)  coste     5.800    5.800
(  424, 488)  coste     6.100    6.100
(  425, 439)  coste     9.000    9.000
(  426, 458)  coste     12.600    12.600
(  427, 490)  coste     1.700    1.700
(  428, 442)  coste     2.600    2.600
(  429, 493)  coste     8.500    8.500
(  430, 451)  coste     8.600    8.600
(  430, 498)  coste     3.200    3.200
(  431, 477)  coste     9.000    9.000
(  433, 448)  coste     11.500    11.500
(  435, 495)  coste     8.800    8.800
(  436, 456)  coste     13.200    13.200
(  437, 481)  coste     5.900    5.900
(  437, 488)  coste     14.100    14.100
(  437, 499)  coste     5.500    5.500
(  438, 476)  coste     1.200    1.200
(  440, 469)  coste     7.700    7.700
(  440, 498)  coste     11.500    11.500
(  441, 442)  coste     9.700    9.700
(  441, 480)  coste     9.900    9.900
(  442, 454)  coste     3.900    3.900
(  443, 460)  coste     8.000    8.000
(  443, 465)  coste     5.300    5.300
(  443, 481)  coste     3.400    3.400
(  444, 479)  coste     5.400    5.400
(  444, 488)  coste     7.000    7.000
(  444, 498)  coste     12.500    12.500
(  446, 454)  coste     8.300    8.300
(  447, 484)  coste     1.400    1.400
(  447, 495)  coste     7.800    7.800
(  448, 459)  coste     9.700    9.700
(  448, 467)  coste     4.500    4.500
(  449, 468)  coste     9.000    9.000
(  453, 472)  coste     6.100    6.100
(  455, 472)  coste     4.100    4.100
(  456, 484)  coste     8.800    8.800
(  459, 489)  coste     6.300    6.300
(  460, 482)  coste     9.600    9.600
(  461, 463)  coste     6.100    6.100
(  462, 469)  coste     4.900    4.900
(  463, 477)  coste     5.300    5.300
(  463, 493)  coste     13.100    13.100
(  463, 497)  coste     9.100    9.100
(  470, 500)  coste     3.000    3.000
(  471, 487)  coste     2.400    2.400
(  473, 500)  coste     4.600    4.600
(  475, 490)  coste     5.200    5.200
(  480, 482)  coste     8.400    8.400
(  482, 496)  coste     4.800    4.800
(  485, 493)  coste     1.800    1.800
(  488, 489)  coste     8.000    8.000
