NOMBRE : N500E2000R100_02
COMENTARIO : Generated instance
VERTICES : 500
ARISTAS_REQ : 100
ARISTAS_NOREQ : 1900
COORDS :
1 7.000 6.300
2 2.200 3.600
3 0.400 6.500
4 8.400 2.100
5 0.300 5.000
6 9.400 0.000
7 6.500 1.300
8 7.700 8.700
9 2.600 2.000
10 0.200 9.800
11 0.100 4.600
12 7.500 9.600
13 7.800 0.000
14 1.200 2.700
15 7.400 0.200
16 8.700 9.700
17 7.600 9.100
18 1.500 3.100
19 6.300 9.200
20 4.000 4.200
21 2.900 8.600
22 9.200 4.100
23 6.700 9.300
24 8.300 6.900
25 1.400 8.700
26 2.800 7.500
27 9.300 1.600
28 8.400 5.200
29 3.300 4.200
30 2.400 1.300
31 8.200 4.100
32 4.200 4.300
33 0.700 2.500
34 7.000 2.600
35 9.300 9.500
36 7.600 7.800
37 1.800 7.400
38 9.800 3.400
39 6.800 5.200
40 5.200 8.900
41 7.100 3.100
42 1.100 4.900
43 3.800 9.200
44 6.800 1.600
45 2.200 6.600
46 4.700 7.300
47 3.300 4.500
48 5.100 4.900
49 7.300 3.800
50 1.700 7.700
51 7.600 9.300
52 0.100 0.000
53 3.300 0.600
54 9.200 1.400
55 9.700 9.700
56 3.800 8.300
57 4.500 7.000
58 2.100 4.600
59 4.900 4.800
60 4.400 5.400
61 5.200 9.900
62 4.400 8.400
63 0.700 4.700
64 5.500 3.300
65 8.300 9.400
66 3.500 6.500
67 3.700 1.600
68 6.300 8.000
69 8.600 0.000
70 7.500 2.400
71 2.000 0.200
72 6.600 4.700
73 9.300 3.100
74 7.100 7.000
75 7.500 0.400
76 0.500 1.000
77 8.400 9.700
78 1.600 8.500
79 4.000 2.100
80 9.100 5.400
81 7.800 4.500
82 3.800 3.200
83 0.000 3.700
84 5.500 9.500
85 8.400 2.900
86 1.800 0.800
87 1.300 2.300
88 9.500 6.700
89 2.900 5.400
90 7.000 1.500
91 7.700 5.400
92 1.300 1.600
93 8.400 3.400
94 6.200 4.000
95 6.900 0.100
96 2.800 8.700
97 7.300 8.200
98 9.500 2.700
99 7.100 1.100
100 0.000 0.200
101 9.500 0.600
102 4.300 8.400
103 3.800 6.600
104 5.000 9.200
105 9.900 3.200
106 5.300 7.500
107 7.800 2.600
108 3.400 6.600
109 2.100 0.900
110 7.300 2.200
111 4.800 5.700
112 0.400 7.900
113 6.500 5.200
114 2.700 1.500
115 2.900 5.800
116 3.200 5.600
117 1.900 5.400
118 5.400 5.200
119 7.400 4.400
120 7.500 0.600
121 5.900 9.800
122 6.400 9.900
123 9.600 9.400
124 2.200 6.300
125 7.000 4.200
126 5.000 0.000
127 9.400 1.800
128 5.300 2.900
129 3.100 0.900
130 9.700 0.500
131 8.200 9.400
132 8.600 4.400
133 7.100 9.200
134 5.700 6.600
135 9.600 1.000
136 9.400 8.300
137 7.800 4.600
138 1.200 0.500
139 2.800 3.600
140 9.500 0.800
141 5.000 3.000
142 8.700 0.900
143 4.500 6.200
144 7.000 8.500
145 7.100 8.500
146 0.900 4.800
147 6.500 4.200
148 0.400 3.300
149 1.500 2.600
150 7.600 8.700
151 6.200 7.300
152 6.900 4.900
153 0.200 7.500
154 1.900 4.200
155 4.700 7.400
156 4.600 4.600
157 1.300 2.900
158 2.400 7.000
159 6.500 0.300
160 0.500 7.600
161 2.700 7.900
162 4.200 6.800
163 0.600 9.500
164 8.600 6.500
165 0.200 6.000
166 5.300 8.700
167 6.700 4.700
168 3.800 0.100
169 0.300 9.600
170 3.000 4.200
171 6.600 0.200
172 1.800 1.500
173 6.400 2.600
174 7.800 8.600
175 9.800 7.300
176 1.100 2.400
177 0.500 8.800
178 8.700 4.200
179 1.400 0.600
180 9.000 7.900
181 7.200 4.300
182 0.400 0.800
183 3.100 7.900
184 4.100 6.700
185 6.700 6.400
186 1.800 8.900
187 8.400 7.500
188 0.700 6.400
189 0.100 4.400
190 0.700 3.500
191 1.000 1.500
192 2.000 5.800
193 5.700 5.800
194 8.000 4.500
195 9.400 2.000
196 2.400 8.200
197 6.000 5.200
198 1.500 3.200
199 7.800 4.900
200 5.100 3.500
201 0.100 8.900
202 8.200 9.600
203 4.600 3.500
204 8.200 8.800
205 8.900 7.000
206 7.400 1.900
207 3.700 5.200
208 7.300 8.100
209 4.600 3.700
210 3.300 3.300
211 0.000 4.300
212 7.400 4.000
213 8.900 8.800
214 7.100 1.400
215 6.800 2.500
216 8.000 2.900
217 2.100 8.000
218 9.800 7.000
219 8.000 3.300
220 7.000 4.700
221 4.600 3.400
222 9.000 7.000
223 9.200 1.300
224 3.800 5.300
225 0.300 2.700
226 3.600 4.000
227 1.000 9.900
228 7.100 8.800
229 4.100 7.900
230 5.600 9.900
231 4.100 6.500
232 0.600 7.200
233 0.400 0.700
234 7.700 5.100
235 7.300 7.900
236 5.900 6.000
237 7.700 5.600
238 6.700 5.100
239 1.400 5.700
240 0.100 1.800
241 7.700 1.800
242 3.800 4.400
243 9.300 6.300
244 6.800 4.500
245 2.700 7.100
246 3.100 6.400
247 2.300 4.600
248 2.300 9.500
249 4.400 9.600
250 9.000 0.100
251 6.000 0.700
252 6.600 9.100
253 1.200 6.800
254 7.900 5.900
255 7.900 7.000
256 1.900 3.200
257 1.500 1.200
258 4.200 6.200
259 1.100 7.400
260 6.600 5.700
261 8.100 1.700
262 5.000 6.000
263 4.000 5.600
264 8.000 7.300
265 0.600 6.300
266 6.500 8.000
267 6.500 2.200
268 1.600 8.800
269 3.000 7.600
270 0.800 9.800
271 8.700 2.700
272 1.600 1.200
273 4.200 4.100
274 8.600 1.700
275 5.500 1.800
276 2.300 9.300
277 1.900 5.000
278 5.900 8.600
279 2.700 3.200
280 9.000 8.200
281 5.100 1.000
282 6.700 8.400
283 1.100 0.800
284 4.100 9.400
285 9.100 8.200
286 1.200 1.600
287 9.400 1.600
288 9.200 0.000
289 2.300 4.800
290 2.900 4.700
291 6.200 9.700
292 1.800 0.500
293 1.800 4.700
294 6.300 4.600
295 3.100 0.000
296 7.500 8.400
297 9.200 4.600
298 8.000 6.200
299 1.100 7.200
300 3.200 0.100
301 4.300 5.500
302 0.500 4.300
303 5.900 3.600
304 6.400 0.000
305 5.500 4.200
306 8.600 8.200
307 0.400 7.400
308 5.500 6.900
309 2.400 4.500
310 8.100 4.500
311 6.100 1.600
312 4.600 2.700
313 8.800 3.600
314 7.200 9.000
315 8.400 3.300
316 1.700 1.300
317 9.700 8.000
318 9.100 8.800
319 6.300 0.700
320 5.800 3.800
321 3.200 6.500
322 8.100 4.300
323 7.000 1.300
324 6.500 7.200
325 1.300 9.500
326 2.700 1.400
327 9.700 1.000
328 5.300 8.500
329 4.400 6.200
330 9.200 2.400
331 6.800 6.400
332 1.400 9.000
333 1.400 4.800
334 4.200 9.600
335 4.900 5.400
336 6.300 0.300
337 2.400 5.200
338 9.700 5.600
339 9.500 7.000
340 0.200 3.100
341 2.000 5.000
342 3.700 6.400
343 4.100 6.800
344 8.700 1.800
345 4.300 5.400
346 9.400 4.700
347 3.500 5.000
348 7.100 2.500
349 6.100 4.200
350 5.300 9.700
351 5.700 7.700
352 2.600 6.300
353 4.500 7.500
354 9.700 6.600
355 1.500 6.200
356 1.400 3.400
357 1.800 9.300
358 5.400 0.300
359 6.300 8.800
360 4.800 3.900
361 7.600 3.400
362 3.600 8.100
363 6.800 7.000
364 1.900 2.600
365 3.500 6.400
366 5.200 0.500
367 3.700 4.700
368 1.300 9.000
369 9.600 9.200
370 8.500 1.200
371 1.100 8.100
372 3.700 2.600
373 9.300 1.000
374 0.200 6.900
375 7.600 3.600
376 9.900 0.200
377 9.600 1.500
378 6.600 2.800
379 8.100 2.100
380 3.000 2.400
381 1.700 8.200
382 9.900 6.700
383 6.000 3.200
384 2.500 4.900
385 9.200 3.400
386 9.800 4.600
387 2.600 5.200
388 9.100 0.300
389 3.200 3.700
390 4.500 0.600
391 9.000 4.300
392 3.300 9.900
393 5.000 4.600
394 0.300 9.300
395 8.900 6.700
396 5.300 3.800
397 6.600 4.100
398 4.200 2.700
399 4.100 8.100
400 1.400 7.600
401 4.800 6.700
402 0.800 0.900
403 8.500 3.000
404 3.000 3.000
405 4.300 2.700
406 3.800 6.500
407 2.900 3.800
408 3.700 8.900
409 9.000 6.400
410 1.400 8.000
411 9.900 4.000
412 4.100 3.200
413 0.900 5.800
414 6.900 4.000
415 2.300 1.700
416 0.300 6.000
417 1.300 9.200
418 8.100 1.900
419 6.600 0.000
420 1.000 2.100
421 9.000 9.400
422 8.600 6.300
423 6.900 6.500
424 9.400 4.500
425 0.600 2.300
426 4.900 4.100
427 2.800 7.800
428 0.300 2.900
429 6.600 5.500
430 6.800 5.500
431 1.300 2.500
432 8.000 7.900
433 5.200 6.300
434 7.400 3.800
435 0.300 8.200
436 7.100 3.300
437 6.000 3.100
438 5.900 1.900
439 9.800 7.500
440 3.700 2.200
441 8.000 8.000
442 3.600 5.700
443 2.200 0.900
444 7.300 7.100
445 5.700 9.300
446 9.600 8.000
447 8.800 6.300
448 4.200 7.400
449 8.900 0.500
450 3.000 0.300
451 5.300 2.300
452 1.900 6.900
453 8.000 8.300
454 6.800 2.200
455 1.400 1.900
456 5.500 9.700
457 4.800 4.100
458 2.700 6.100
459 6.100 3.800
460 4.900 5.000
461 1.600 5.000
462 1.600 6.900
463 5.000 0.700
464 6.900 1.800
465 7.100 0.900
466 9.700 8.700
467 9.100 3.400
468 4.500 7.900
469 5.300 0.800
470 2.900 8.900
471 7.400 4.100
472 4.900 7.400
473 3.700 3.500
474 2.600 9.500
475 9.600 9.600
476 1.800 3.400
477 6.400 9.800
478 0.200 6.800
479 3.400 5.600
480 6.500 3.700
481 6.900 9.000
482 8.700 3.400
483 5.300 5.900
484 7.400 8.700
485 9.100 7.400
486 7.300 4.700
487 5.100 2.700
488 7.500 9.200
489 5.700 7.800
490 0.200 9.600
491 1.400 0.900
492 5.800 4.300
493 6.300 9.000
494 9.900 8.000
495 6.400 1.700
496 0.900 6.300
497 9.400 6.400
498 3.400 9.500
499 9.100 0.600
500 3.600 2.500
LISTA_ARISTAS_REQ :
(   1, 418)  coste     5.500    5.500
(   3, 118)  coste     6.300    6.300
(   4, 57)  coste     8.800    8.800
(   6, 138)  coste     8.700    8.700
(  14, 391)  coste     9.400    9.400
(  15, 93)  coste     4.200    4.200
(  15, 206)  coste     1.700    1.700
(  16, 114)  coste     14.200    14.200
(  16, 232)  coste     10.600    10.600
(  18, 274)  coste     8.500    8.500
(  19, 373)  coste     11.200    11.200
(  31, 394)  coste     13.100    13.100
(  32, 151)  coste     5.000    5.000
(  32, 313)  coste     5.300    5.300
(  38, 134)  coste     7.300    7.300
(  38, 336)  coste     6.600    6.600
(  39, 71)  coste     9.800    9.800
(  41, 229)  coste     7.800    7.800
(  41, 361)  coste     0.800    0.800
(  49, 115)  coste     6.400    6.400
(  49, 213)  coste     6.600    6.600
(  53, 456)  coste     11.300    11.300
(  55, 133)  coste     3.100    3.100
(  59, 206)  coste     5.400    5.400
(  59, 424)  coste     4.800    4.800
(  63, 455)  coste     3.500    3.500
(  66, 318)  coste     7.900    7.900
(  68, 480)  coste     4.500    4.500
(  69, 106)  coste     10.800    10.800
(  69, 367)  coste     9.600    9.600
(  70, 462)  coste     10.400    10.400
(  74, 104)  coste     4.300    4.300
(  74, 330)  coste     6.700    6.700
(  75, 152)  coste     5.100    5.100
(  77, 112)  coste     9.800    9.800
(  81, 314)  coste     5.100    5.100
(  85, 348)  coste     1.700    1.700
(  89, 484)  coste     7.800    7.800
(  99, 127)  coste     3.000    3.000
(  100, 124)  coste     8.300    8.300
(  102, 118)  coste     4.300    4.300
(  102, 362)  coste     1.000    1.000
(  103, 171)  coste     9.200    9.200
(  105, 133)  coste     8.800    8.800
(  105, 230)  coste     11.000    11.000
(  109, 346)  coste     11.100    11.100
(  110, 443)  coste     6.400    6.400
(  113, 383)  coste     2.500    2.500
(  117, 288)  coste     12.700    12.700
(  119, 402)  coste     10.100    10.100
(  126, 464)  coste     3.700    3.700
(  130, 148)  coste     12.100    12.100
(  134, 427)  coste     4.100    4.100
(  136, 416)  coste     11.400    11.400
(  156, 185)  coste     3.900    3.900
(  157, 169)  coste     7.700    7.700
(  157, 255)  coste     10.700    10.700
(  157, 378)  coste     5.400    5.400
(  157, 487)  coste     4.000    4.000
(  159, 397)  coste     3.900    3.900
(  171, 195)  coste     4.600    4.600
(  174, 432)  coste     0.900    0.900
(  177, 230)  coste     6.200    6.200
(  177, 338)  coste     12.400    12.400
(  179, 198)  coste     2.700    2.700
(  179, 371)  coste     7.800    7.800
(  181, 201)  coste     11.700    11.700
(  187, 310)  coste     3.300    3.300
(  187, 384)  coste     8.500    8.500
(  200, 496)  coste     7.000    7.000
(  201, 433)  coste     7.700    7.700
(  211, 292)  coste     5.600    5.600
(  211, 481)  coste     11.600    11.600
(  217, 268)  coste     1.300    1.300
(  217, 286)  coste     7.300    7.300
(  219, 430)  coste     3.400    3.400
(  236, 417)  coste     7.800    7.800
(  237, 346)  coste     2.600    2.600
(  248, 271)  coste     13.200    13.200
(  249, 411)  coste     11.100    11.100
(  256, 339)  coste     11.400    11.400
(  260, 466)  coste     6.100    6.100
(  268, 303)  coste     9.500    9.500
(  269, 460)  coste     4.500    4.500
(  278, 292)  coste     12.200    12.200
(  280, 309)  coste     10.300    10.300
(  310, 446)  coste     5.000    5.000
(  313, 481)  coste     7.300    7.300
(  318, 425)  coste     15.000    15.000
(  320, 478)  coste     8.600    8.600
(  325, 423)  coste     8.600    8.600
(  351, 487)  coste     5.600    5.600
(  379, 493)  coste     8.700    8.700
(  381, 397)  coste     9.000    9.000
(  387, 415)  coste     3.800    3.800
(  394, 454)  coste     13.600    13.600
(  423, 476)  coste     8.200    8.200
(  450, 488)  coste     13.400    13.400
(  455, 482)  coste     8.800    8.800
(  473, 490)  coste     9.600    9.600
LISTA_ARISTAS_NOREQ :
(   1, 58)  coste     6.600    6.600
(   1, 157)  coste     9.100    9.100
(   1, 166)  coste     4.100    4.100
(   1, 184)  coste     3.300    3.300
(   1, 185)  coste     0.400    0.400
(   1, 249)  coste     5.900    5.900
(   1, 390)  coste     8.200    8.200
(   2, 53)  coste     4.100    4.100
(   2, 289)  coste     1.300    1.300
(   2, 319)  coste     7.000    7.000
(   2, 327)  coste     10.100    10.100
(   2, 349)  coste     4.500    4.500
(   2, 379)  coste     7.400    7.400
(   3, 49)  coste     9.600    9.600
(   3, 214)  coste     11.800    11.800
(   3, 229)  coste     5.100    5.100
(   3, 251)  coste     11.400    11.400
(   3, 281)  coste     10.200    10.200
(   3, 339)  coste     9.600    9.600
(   3, 402)  coste     6.000    6.000
(   3, 465)  coste     12.300    12.300
(   4, 35)  coste     8.300    8.300
(   4, 71)  coste     8.300    8.300
(   4, 171)  coste     3.700    3.700
(   4, 178)  coste     2.400    2.400
(   4, 187)  coste     5.400    5.400
(   4, 286)  coste     7.700    7.700
(   4, 345)  coste     7.400    7.400
(   4, 369)  coste     8.300    8.300
(   4, 408)  coste     11.500    11.500
(   4, 472)  coste     8.800    8.800
(   5, 124)  coste     3.200    3.200
(   5, 158)  coste     4.100    4.100
(   5, 248)  coste     6.500    6.500
(   5, 290)  coste     2.900    2.900
(   5, 345)  coste     4.400    4.400
(   5, 489)  coste     8.200    8.200
(   6, 107)  coste     4.200    4.200
(   6, 153)  coste     16.700    16.700
(   6, 253)  coste     15.000    15.000
(   6, 327)  coste     1.300    1.300
(   6, 353)  coste     12.400    12.400
(   7, 31)  coste     4.500    4.500
(   7, 51)  coste     9.100    9.100
(   7, 65)  coste     9.900    9.900
(   7, 124)  coste     9.300    9.300
(   7, 128)  coste     2.800    2.800
(   7, 137)  coste     4.600    4.600
(   7, 215)  coste     1.500    1.500
(   7, 249)  coste     10.400    10.400
(   7, 312)  coste     3.300    3.300
(   8, 70)  coste     6.500    6.500
(   8, 87)  coste     12.800    12.800
(   8, 147)  coste     5.700    5.700
(   8, 200)  coste     7.800    7.800
(   8, 325)  coste     7.200    7.200
(   8, 336)  coste     9.800    9.800
(   8, 347)  coste     7.900    7.900
(   8, 350)  coste     3.400    3.400
(   8, 365)  coste     6.500    6.500
(   8, 437)  coste     7.300    7.300
(   9, 81)  coste     7.700    7.700
(   9, 97)  coste     10.900    10.900
(   9, 105)  coste     8.500    8.500
(   9, 164)  coste     10.500    10.500
(   9, 188)  coste     6.300    6.300
(   9, 221)  coste     3.400    3.400
(   9, 313)  coste     7.800    7.800
(   9, 468)  coste     7.800    7.800
(  10, 83)  coste     6.300    6.300
(  10, 134)  coste     8.700    8.700
(  10, 191)  coste     9.100    9.100
(  10, 233)  coste     9.300    9.300
(  10, 290)  coste     7.800    7.800
(  10, 426)  coste     10.400    10.400
(  10, 489)  coste     7.500    7.500
(  10, 494)  coste     11.500    11.500
(  11, 26)  coste     5.600    5.600
(  11, 132)  coste     8.700    8.700
(  11, 133)  coste     11.600    11.600
(  11, 175)  coste     12.400    12.400
(  11, 258)  coste     5.700    5.700
(  11, 300)  coste     7.600    7.600
(  11, 390)  coste     8.400    8.400
(  12, 41)  coste     6.900    6.900
(  12, 110)  coste     7.600    7.600
(  12, 114)  coste     12.900    12.900
(  12, 173)  coste     8.100    8.100
(  12, 213)  coste     2.200    2.200
(  12, 350)  coste     2.300    2.300
(  12, 409)  coste     4.700    4.700
(  12, 417)  coste     6.600    6.600
(  12, 440)  coste     11.200    11.200
(  12, 497)  coste     5.100    5.100
(  13, 37)  coste     13.400    13.400
(  13, 62)  coste     11.800    11.800
(  13, 86)  coste     6.800    6.800
(  13, 149)  coste     8.900    8.900
(  13, 204)  coste     9.200    9.200
(  13, 230)  coste     12.100    12.100
(  13, 329)  coste     9.600    9.600
(  13, 381)  coste     14.300    14.300
(  13, 404)  coste     7.800    7.800
(  13, 448)  coste     11.000    11.000
(  13, 458)  coste     11.200    11.200
(  14, 37)  coste     5.300    5.300
(  14, 62)  coste     8.900    8.900
(  14, 95)  coste     8.300    8.300
(  14, 113)  coste     7.800    7.800
(  14, 156)  coste     5.300    5.300
(  14, 181)  coste     7.600    7.600
(  14, 190)  coste     1.300    1.300
(  14, 291)  coste     12.000    12.000
(  14, 308)  coste     8.500    8.500
(  14, 387)  coste     3.900    3.900
(  15, 51)  coste     9.300    9.300
(  15, 82)  coste     6.600    6.600
(  15, 362)  coste     11.700    11.700
(  15, 380)  coste     6.600    6.600
(  15, 435)  coste     15.100    15.100
(  15, 453)  coste     8.700    8.700
(  15, 491)  coste     6.700    6.700
(  15, 499)  coste     2.100    2.100
(  16, 72)  coste     7.100    7.100
(  16, 83)  coste     14.700    14.700
(  16, 84)  coste     3.400    3.400
(  16, 96)  coste     6.900    6.900
(  16, 131)  coste     0.800    0.800
(  16, 132)  coste     5.400    5.400
(  16, 159)  coste     11.600    11.600
(  16, 160)  coste     10.300    10.300
(  16, 201)  coste     9.400    9.400
(  16, 405)  coste     11.400    11.400
(  17, 123)  coste     2.300    2.300
(  17, 269)  coste     6.100    6.100
(  17, 280)  coste     2.300    2.300
(  17, 331)  coste     3.500    3.500
(  17, 423)  coste     3.300    3.300
(  17, 480)  coste     6.500    6.500
(  18, 109)  coste     2.800    2.800
(  18, 208)  coste     10.800    10.800
(  18, 210)  coste     2.000    2.000
(  18, 343)  coste     6.300    6.300
(  18, 377)  coste     9.700    9.700
(  18, 388)  coste     10.400    10.400
(  18, 477)  coste     11.600    11.600
(  19, 43)  coste     2.500    2.500
(  19, 90)  coste     8.400    8.400
(  19, 184)  coste     4.700    4.700
(  19, 189)  coste     11.000    11.000
(  19, 251)  coste     8.800    8.800
(  19, 283)  coste     13.600    13.600
(  19, 396)  coste     6.400    6.400
(  19, 484)  coste     1.600    1.600
(  20, 43)  coste     5.200    5.200
(  20, 56)  coste     4.300    4.300
(  20, 111)  coste     2.300    2.300
(  20, 158)  coste     4.400    4.400
(  20, 208)  coste     7.200    7.200
(  20, 340)  coste     4.900    4.900
(  20, 480)  coste     3.000    3.000
(  21, 23)  coste     4.500    4.500
(  21, 79)  coste     7.600    7.600
(  21, 94)  coste     7.900    7.900
(  21, 137)  coste     8.900    8.900
(  21, 223)  coste     13.600    13.600
(  21, 315)  coste     10.800    10.800
(  21, 399)  coste     1.700    1.700
(  22, 42)  coste     8.900    8.900
(  22, 82)  coste     6.300    6.300
(  22, 124)  coste     9.200    9.200
(  22, 143)  coste     6.800    6.800
(  22, 202)  coste     6.500    6.500
(  22, 241)  coste     3.800    3.800
(  22, 246)  coste     8.400    8.400
(  22, 410)  coste     11.700    11.700
(  22, 416)  coste     10.800    10.800
(  22, 460)  coste     5.200    5.200
(  22, 500)  coste     7.200    7.200
(  23, 127)  coste     10.200    10.200
(  23, 160)  coste     7.900    7.900
(  23, 226)  coste     8.400    8.400
(  23, 233)  coste     14.900    14.900
(  23, 261)  coste     9.000    9.000
(  23, 354)  coste     5.700    5.700
(  23, 383)  coste     6.800    6.800
(  23, 389)  coste     9.100    9.100
(  24, 59)  coste     5.500    5.500
(  24, 62)  coste     5.400    5.400
(  24, 119)  coste     3.400    3.400
(  24, 240)  coste     13.300    13.300
(  24, 242)  coste     7.000    7.000
(  25, 32)  coste     7.200    7.200
(  25, 102)  coste     3.200    3.200
(  25, 138)  coste     8.400    8.400
(  25, 142)  coste     15.100    15.100
(  25, 277)  coste     4.200    4.200
(  25, 287)  coste     15.100    15.100
(  25, 319)  coste     12.900    12.900
(  25, 383)  coste     10.100    10.100
(  26, 110)  coste     9.800    9.800
(  26, 382)  coste     7.900    7.900
(  26, 402)  coste     8.600    8.600
(  27, 56)  coste     12.200    12.200
(  27, 139)  coste     8.500    8.500
(  27, 252)  coste     10.200    10.200
(  27, 291)  coste     11.200    11.200
(  27, 348)  coste     3.100    3.100
(  27, 377)  coste     0.400    0.400
(  27, 411)  coste     3.000    3.000
(  27, 485)  coste     6.000    6.000
(  28, 44)  coste     5.200    5.200
(  28, 139)  coste     7.200    7.200
(  28, 347)  coste     5.100    5.100
(  28, 394)  coste     12.200    12.200
(  28, 441)  coste     3.200    3.200
(  29, 88)  coste     8.700    8.700
(  29, 141)  coste     2.900    2.900
(  29, 181)  coste     4.000    4.000
(  29, 269)  coste     3.700    3.700
(  29, 287)  coste     8.700    8.700
(  29, 444)  coste     6.900    6.900
(  29, 486)  coste     4.500    4.500
(  29, 488)  coste     9.200    9.200
(  30, 37)  coste     6.700    6.700
(  30, 54)  coste     6.900    6.900
(  30, 101)  coste     7.800    7.800
(  30, 254)  coste     10.100    10.100
(  30, 261)  coste     6.100    6.100
(  30, 287)  coste     7.300    7.300
(  30, 307)  coste     8.100    8.100
(  30, 341)  coste     4.100    4.100
(  30, 384)  coste     3.700    3.700
(  30, 464)  coste     5.000    5.000
(  30, 488)  coste     13.000    13.000
(  31, 60)  coste     5.100    5.100
(  31, 109)  coste     9.300    9.300
(  31, 137)  coste     0.900    0.900
(  31, 258)  coste     6.100    6.100
(  31, 259)  coste     10.400    10.400
(  31, 353)  coste     7.100    7.100
(  31, 406)  coste     6.800    6.800
(  31, 486)  coste     1.500    1.500
(  32, 116)  coste     2.300    2.300
(  32, 208)  coste     6.900    6.900
(  32, 429)  coste     3.600    3.600
(  33, 111)  coste     7.300    7.300
(  33, 132)  coste     9.800    9.800
(  33, 149)  coste     0.900    0.900
(  33, 217)  coste     6.900    6.900
(  33, 265)  coste     3.900    3.900
(  34, 180)  coste     7.300    7.300
(  34, 213)  coste     8.100    8.100
(  34, 225)  coste     6.800    6.800
(  34, 231)  coste     6.800    6.800
(  34, 354)  coste     6.700    6.700
(  34, 374)  coste     11.100    11.100
(  34, 398)  coste     2.900    2.900
(  34, 439)  coste     7.700    7.700
(  35, 351)  coste     5.400    5.400
(  35, 379)  coste     8.600    8.600
(  35, 387)  coste     11.000    11.000
(  35, 388)  coste     9.400    9.400
(  36, 67)  coste     10.100    10.100
(  36, 156)  coste     6.200    6.200
(  36, 248)  coste     7.000    7.000
(  36, 456)  coste     4.000    4.000
(  36, 479)  coste     6.400    6.400
(  37, 99)  coste     11.600    11.600
(  37, 117)  coste     2.100    2.100
(  37, 143)  coste     3.900    3.900
(  37, 213)  coste     8.500    8.500
(  37, 223)  coste     13.500    13.500
(  37, 242)  coste     5.000    5.000
(  37, 306)  coste     7.600    7.600
(  37, 332)  coste     2.000    2.000
(  37, 441)  coste     6.800    6.800
(  37, 480)  coste     8.400    8.400
(  38, 102)  coste     10.500    10.500
(  38, 124)  coste     10.500    10.500
(  38, 159)  coste     6.400    6.400
(  38, 171)  coste     6.400    6.400
(  38, 323)  coste     4.900    4.900
(  38, 327)  coste     2.500    2.500
(  38, 349)  coste     4.500    4.500
(  38, 354)  coste     3.300    3.300
(  38, 361)  coste     2.200    2.200
(  38, 370)  coste     3.500    3.500
(  38, 383)  coste     4.000    4.000
(  39, 41)  coste     2.400    2.400
(  39, 49)  coste     1.900    1.900
(  39, 116)  coste     4.000    4.000
(  39, 193)  coste     1.700    1.700
(  39, 204)  coste     5.000    5.000
(  39, 213)  coste     5.700    5.700
(  39, 362)  coste     6.100    6.100
(  39, 368)  coste     9.300    9.300
(  39, 420)  coste     8.900    8.900
(  39, 454)  coste     3.000    3.000
(  39, 460)  coste     2.100    2.100
(  39, 464)  coste     3.500    3.500
(  40, 70)  coste     8.800    8.800
(  40, 71)  coste     11.900    11.900
(  40, 153)  coste     6.400    6.400
(  40, 222)  coste     5.700    5.700
(  40, 362)  coste     2.400    2.400
(  40, 367)  coste     5.700    5.700
(  40, 380)  coste     8.700    8.700
(  40, 427)  coste     3.500    3.500
(  41, 149)  coste     6.100    6.100
(  41, 194)  coste     2.300    2.300
(  41, 214)  coste     1.700    1.700
(  41, 282)  coste     5.700    5.700
(  41, 332)  coste     11.600    11.600
(  41, 376)  coste     5.700    5.700
(  41, 395)  coste     5.400    5.400
(  41, 421)  coste     8.200    8.200
(  42, 54)  coste     11.600    11.600
(  42, 227)  coste     5.100    5.100
(  42, 295)  coste     6.900    6.900
(  42, 337)  coste     1.600    1.600
(  42, 399)  coste     6.200    6.200
(  42, 433)  coste     5.500    5.500
(  42, 493)  coste     9.300    9.300
(  43, 149)  coste     8.900    8.900
(  43, 168)  coste     9.100    9.100
(  43, 199)  coste     8.300    8.300
(  43, 392)  coste     1.200    1.200
(  44, 75)  coste     1.900    1.900
(  44, 157)  coste     6.800    6.800
(  44, 307)  coste     12.200    12.200
(  44, 315)  coste     3.300    3.300
(  44, 432)  coste     7.500    7.500
(  44, 458)  coste     8.600    8.600
(  45, 77)  coste     9.300    9.300
(  45, 213)  coste     8.900    8.900
(  45, 472)  coste     3.500    3.500
(  46, 63)  coste     6.600    6.600
(  46, 175)  coste     5.100    5.100
(  46, 232)  coste     4.200    4.200
(  46, 293)  coste     5.500    5.500
(  46, 352)  coste     3.100    3.100
(  46, 357)  coste     4.900    4.900
(  46, 364)  coste     7.500    7.500
(  47, 100)  coste     7.600    7.600
(  47, 156)  coste     1.400    1.400
(  47, 257)  coste     5.100    5.100
(  47, 301)  coste     2.000    2.000
(  47, 303)  coste     3.500    3.500
(  47, 369)  coste     11.000    11.000
(  48, 91)  coste     3.100    3.100
(  48, 94)  coste     2.000    2.000
(  48, 216)  coste     4.900    4.900
(  48, 264)  coste     5.300    5.300
(  48, 496)  coste     5.600    5.600
(  49, 158)  coste     8.100    8.100
(  49, 177)  coste     11.800    11.800
(  49, 191)  coste     8.600    8.600
(  49, 248)  coste     10.700    10.700
(  49, 271)  coste     2.500    2.500
(  49, 298)  coste     3.100    3.100
(  49, 406)  coste     6.200    6.200
(  49, 491)  coste     8.800    8.800
(  50, 247)  coste     3.700    3.700
(  50, 346)  coste     10.700    10.700
(  50, 356)  coste     4.600    4.600
(  50, 390)  coste     9.900    9.900
(  50, 456)  coste     5.800    5.800
(  50, 478)  coste     2.400    2.400
(  50, 483)  coste     5.400    5.400
(  51, 62)  coste     4.100    4.100
(  51, 83)  coste     13.200    13.200
(  51, 127)  coste     9.300    9.300
(  51, 317)  coste     3.400    3.400
(  51, 430)  coste     4.600    4.600
(  52, 58)  coste     6.600    6.600
(  52, 125)  coste     11.100    11.100
(  52, 144)  coste     15.400    15.400
(  52, 220)  coste     11.600    11.600
(  52, 226)  coste     7.500    7.500
(  52, 249)  coste     13.900    13.900
(  52, 258)  coste     10.300    10.300
(  52, 332)  coste     10.300    10.300
(  52, 416)  coste     6.200    6.200
(  52, 418)  coste     9.900    9.900
(  53, 302)  coste     6.500    6.500
(  54, 148)  coste     10.700    10.700
(  54, 215)  coste     3.500    3.500
(  54, 400)  coste     14.000    14.000
(  54, 441)  coste     7.800    7.800
(  55, 91)  coste     6.300    6.300
(  55, 162)  coste     8.400    8.400
(  55, 169)  coste     9.500    9.500
(  55, 186)  coste     8.700    8.700
(  55, 204)  coste     2.400    2.400
(  55, 207)  coste     10.500    10.500
(  55, 246)  coste     9.900    9.900
(  55, 258)  coste     9.000    9.000
(  55, 259)  coste     10.900    10.900
(  55, 308)  coste     7.000    7.000
(  55, 417)  coste     8.900    8.900
(  56, 64)  coste     6.700    6.700
(  56, 86)  coste     9.500    9.500
(  56, 148)  coste     8.400    8.400
(  56, 322)  coste     8.300    8.300
(  56, 343)  coste     1.800    1.800
(  56, 450)  coste     8.800    8.800
(  56, 469)  coste     9.000    9.000
(  56, 486)  coste     7.100    7.100
(  57, 110)  coste     7.600    7.600
(  57, 270)  coste     6.500    6.500
(  57, 326)  coste     7.400    7.400
(  57, 379)  coste     8.500    8.500
(  58, 88)  coste     9.500    9.500
(  58, 96)  coste     4.800    4.800
(  58, 186)  coste     4.600    4.600
(  58, 228)  coste     9.200    9.200
(  58, 262)  coste     4.300    4.300
(  58, 271)  coste     8.500    8.500
(  58, 305)  coste     3.800    3.800
(  58, 338)  coste     8.600    8.600
(  58, 385)  coste     8.300    8.300
(  58, 387)  coste     1.100    1.100
(  58, 428)  coste     3.500    3.500
(  58, 466)  coste     11.700    11.700
(  59, 112)  coste     7.600    7.600
(  59, 113)  coste     2.000    2.000
(  59, 187)  coste     6.200    6.200
(  59, 258)  coste     2.100    2.100
(  59, 311)  coste     4.400    4.400
(  59, 386)  coste     5.100    5.100
(  59, 445)  coste     5.300    5.300
(  59, 484)  coste     6.400    6.400
(  60, 208)  coste     5.600    5.600
(  60, 311)  coste     5.500    5.500
(  60, 359)  coste     5.300    5.300
(  60, 393)  coste     1.400    1.400
(  61, 138)  coste     13.400    13.400
(  61, 202)  coste     3.300    3.300
(  61, 246)  coste     5.600    5.600
(  61, 314)  coste     2.900    2.900
(  61, 418)  coste     10.900    10.900
(  61, 433)  coste     3.600    3.600
(  61, 471)  coste     8.000    8.000
(  62, 96)  coste     1.900    1.900
(  62, 201)  coste     4.800    4.800
(  62, 431)  coste     9.000    9.000
(  62, 490)  coste     5.400    5.400
(  63, 159)  coste     10.200    10.200
(  63, 219)  coste     8.700    8.700
(  63, 258)  coste     5.000    5.000
(  63, 333)  coste     0.800    0.800
(  63, 396)  coste     5.500    5.500
(  63, 474)  coste     6.700    6.700
(  63, 496)  coste     1.800    1.800
(  63, 498)  coste     7.500    7.500
(  64, 181)  coste     2.700    2.700
(  64, 203)  coste     1.100    1.100
(  64, 368)  coste     9.900    9.900
(  64, 380)  coste     3.400    3.400
(  64, 389)  coste     2.700    2.700
(  64, 396)  coste     0.700    0.700
(  65, 90)  coste     9.200    9.200
(  65, 215)  coste     8.400    8.400
(  65, 297)  coste     5.700    5.700
(  65, 356)  coste     12.900    12.900
(  65, 374)  coste     10.600    10.600
(  65, 441)  coste     1.700    1.700
(  65, 457)  coste     8.800    8.800
(  66, 145)  coste     5.600    5.600
(  66, 161)  coste     2.200    2.200
(  66, 242)  coste     2.400    2.400
(  66, 304)  coste     9.400    9.400
(  66, 332)  coste     4.600    4.600
(  66, 359)  coste     5.100    5.100
(  66, 491)  coste     7.700    7.700
(  67, 124)  coste     6.200    6.200
(  67, 261)  coste     4.500    4.500
(  67, 325)  coste     10.300    10.300
(  67, 375)  coste     5.900    5.900
(  67, 450)  coste     2.000    2.000
(  68, 95)  coste     8.500    8.500
(  68, 129)  coste     10.300    10.300
(  68, 193)  coste     2.800    2.800
(  68, 264)  coste     2.400    2.400
(  68, 340)  coste     11.000    11.000
(  68, 372)  coste     8.000    8.000
(  68, 462)  coste     5.800    5.800
(  69, 101)  coste     1.500    1.500
(  69, 119)  coste     5.600    5.600
(  69, 186)  coste     15.700    15.700
(  69, 348)  coste     4.000    4.000
(  69, 455)  coste     9.100    9.100
(  69, 464)  coste     3.500    3.500
(  69, 471)  coste     5.300    5.300
(  69, 476)  coste     10.200    10.200
(  70, 100)  coste     9.700    9.700
(  70, 113)  coste     3.800    3.800
(  70, 150)  coste     6.400    6.400
(  70, 167)  coste     3.100    3.100
(  70, 251)  coste     3.200    3.200
(  70, 334)  coste     10.500    10.500
(  70, 421)  coste     8.500    8.500
(  70, 489)  coste     7.200    7.200
(  71, 105)  coste     10.900    10.900
(  71, 153)  coste     9.100    9.100
(  71, 167)  coste     9.200    9.200
(  71, 238)  coste     9.600    9.600
(  71, 264)  coste     13.100    13.100
(  71, 473)  coste     5.000    5.000
(  72, 92)  coste     8.400    8.400
(  72, 171)  coste     4.500    4.500
(  72, 281)  coste     5.200    5.200
(  72, 344)  coste     5.000    5.000
(  72, 481)  coste     4.600    4.600
(  73, 88)  coste     3.800    3.800
(  73, 178)  coste     1.700    1.700
(  73, 255)  coste     5.300    5.300
(  73, 372)  coste     6.100    6.100
(  73, 398)  coste     5.500    5.500
(  73, 416)  coste     11.900    11.900
(  73, 448)  coste     9.400    9.400
(  74, 120)  coste     6.800    6.800
(  74, 213)  coste     3.600    3.600
(  74, 253)  coste     6.100    6.100
(  74, 297)  coste     4.500    4.500
(  75, 139)  coste     7.900    7.900
(  75, 200)  coste     5.500    5.500
(  75, 258)  coste     9.100    9.100
(  75, 277)  coste     10.200    10.200
(  75, 311)  coste     2.600    2.600
(  75, 313)  coste     4.500    4.500
(  75, 327)  coste     2.800    2.800
(  75, 441)  coste     8.100    8.100
(  75, 443)  coste     5.800    5.800
(  76, 88)  coste     14.700    14.700
(  76, 235)  coste     13.700    13.700
(  76, 266)  coste     13.000    13.000
(  76, 273)  coste     6.800    6.800
(  76, 298)  coste     12.700    12.700
(  76, 310)  coste     11.100    11.100
(  76, 319)  coste     6.100    6.100
(  76, 340)  coste     2.400    2.400
(  76, 365)  coste     8.400    8.400
(  77, 98)  coste     8.100    8.100
(  77, 110)  coste     8.600    8.600
(  77, 184)  coste     7.300    7.300
(  77, 432)  coste     2.200    2.200
(  77, 465)  coste     10.100    10.100
(  78, 92)  coste     7.200    7.200
(  78, 215)  coste     11.200    11.200
(  78, 310)  coste     10.500    10.500
(  78, 413)  coste     3.400    3.400
(  79, 120)  coste     5.000    5.000
(  79, 217)  coste     7.800    7.800
(  79, 297)  coste     7.700    7.700
(  79, 305)  coste     3.600    3.600
(  79, 350)  coste     8.900    8.900
(  79, 405)  coste     0.900    0.900
(  79, 447)  coste     9.000    9.000
(  80, 99)  coste     6.300    6.300
(  80, 195)  coste     3.700    3.700
(  80, 207)  coste     5.600    5.600
(  80, 265)  coste     9.400    9.400
(  81, 105)  coste     3.400    3.400
(  81, 126)  coste     7.300    7.300
(  81, 163)  coste     12.200    12.200
(  81, 180)  coste     4.600    4.600
(  81, 209)  coste     4.000    4.000
(  81, 260)  coste     2.400    2.400
(  81, 320)  coste     2.700    2.700
(  81, 364)  coste     7.800    7.800
(  81, 442)  coste     5.400    5.400
(  81, 446)  coste     5.300    5.300
(  81, 451)  coste     4.700    4.700
(  81, 492)  coste     2.200    2.200
(  82, 341)  coste     3.600    3.600
(  82, 345)  coste     2.700    2.700
(  82, 389)  coste     1.100    1.100
(  82, 403)  coste     4.900    4.900
(  82, 467)  coste     5.500    5.500
(  83, 84)  coste     11.300    11.300
(  83, 88)  coste     12.500    12.500
(  83, 117)  coste     3.600    3.600
(  83, 174)  coste     12.700    12.700
(  83, 240)  coste     2.000    2.000
(  83, 241)  coste     9.600    9.600
(  83, 379)  coste     9.700    9.700
(  83, 419)  coste     10.300    10.300
(  83, 432)  coste     12.200    12.200
(  83, 436)  coste     7.500    7.500
(  84, 86)  coste     12.400    12.400
(  84, 209)  coste     6.700    6.700
(  84, 430)  coste     5.300    5.300
(  84, 435)  coste     6.500    6.500
(  84, 475)  coste     4.200    4.200
(  85, 115)  coste     8.400    8.400
(  85, 159)  coste     4.500    4.500
(  85, 213)  coste     6.400    6.400
(  85, 224)  coste     7.000    7.000
(  85, 247)  coste     7.800    7.800
(  85, 248)  coste     12.700    12.700
(  85, 273)  coste     5.400    5.400
(  85, 303)  coste     3.200    3.200
(  86, 87)  coste     2.000    2.000
(  86, 134)  coste     9.700    9.700
(  86, 240)  coste     2.700    2.700
(  86, 326)  coste     1.500    1.500
(  86, 357)  coste     8.500    8.500
(  86, 373)  coste     7.700    7.700
(  86, 476)  coste     2.600    2.600
(  87, 158)  coste     5.800    5.800
(  87, 231)  coste     7.000    7.000
(  87, 237)  coste     9.700    9.700
(  87, 243)  coste     12.000    12.000
(  88, 136)  coste     1.700    1.700
(  88, 154)  coste     10.100    10.100
(  88, 192)  coste     8.400    8.400
(  88, 239)  coste     9.100    9.100
(  88, 464)  coste     7.500    7.500
(  88, 483)  coste     5.000    5.000
(  89, 105)  coste     9.200    9.200
(  89, 116)  coste     0.500    0.500
(  89, 253)  coste     3.100    3.100
(  89, 486)  coste     5.100    5.100
(  90, 125)  coste     2.700    2.700
(  90, 185)  coste     5.200    5.200
(  90, 213)  coste     9.200    9.200
(  90, 454)  coste     0.900    0.900
(  91, 187)  coste     2.800    2.800
(  91, 196)  coste     8.100    8.100
(  91, 203)  coste     5.000    5.000
(  91, 214)  coste     4.600    4.600
(  91, 236)  coste     2.400    2.400
(  92, 250)  coste     9.200    9.200
(  92, 306)  coste     13.900    13.900
(  92, 345)  coste     6.800    6.800
(  92, 398)  coste     4.000    4.000
(  92, 416)  coste     5.400    5.400
(  92, 421)  coste     15.500    15.500
(  92, 438)  coste     4.900    4.900
(  92, 465)  coste     6.500    6.500
(  92, 477)  coste     13.300    13.300
(  93, 95)  coste     4.800    4.800
(  93, 178)  coste     1.100    1.100
(  93, 198)  coste     7.100    7.100
(  93, 217)  coste     10.900    10.900
(  93, 326)  coste     7.700    7.700
(  93, 420)  coste     8.700    8.700
(  93, 460)  coste     5.100    5.100
(  93, 491)  coste     9.500    9.500
(  94, 238)  coste     1.600    1.600
(  94, 292)  coste     7.900    7.900
(  94, 481)  coste     5.700    5.700
(  95, 115)  coste     9.700    9.700
(  95, 130)  coste     3.200    3.200
(  95, 155)  coste     9.500    9.500
(  95, 217)  coste     12.700    12.700
(  95, 241)  coste     2.500    2.500
(  95, 328)  coste     10.000    10.000
(  95, 368)  coste     14.500    14.500
(  95, 388)  coste     2.400    2.400
(  96, 154)  coste     5.400    5.400
(  96, 367)  coste     4.900    4.900
(  97, 218)  coste     3.700    3.700
(  97, 250)  coste     9.800    9.800
(  97, 271)  coste     6.900    6.900
(  97, 279)  coste     9.600    9.600
(  97, 385)  coste     6.700    6.700
(  98, 127)  coste     1.000    1.000
(  98, 207)  coste     8.300    8.300
(  98, 216)  coste     1.700    1.700
(  98, 228)  coste     8.500    8.500
(  98, 294)  coste     5.100    5.100
(  98, 462)  coste     12.100    12.100
(  98, 471)  coste     3.500    3.500
(  98, 492)  coste     5.300    5.300
(  99, 279)  coste     6.500    6.500
(  99, 398)  coste     4.500    4.500
(  99, 411)  coste     5.700    5.700
(  99, 426)  coste     5.200    5.200
(  99, 460)  coste     6.100    6.100
(  99, 481)  coste     8.100    8.100
(  100, 137)  coste     12.200    12.200
(  100, 260)  coste     12.100    12.100
(  100, 463)  coste     5.500    5.500
(  101, 113)  coste     7.600    7.600
(  101, 184)  coste     11.500    11.500
(  101, 237)  coste     6.800    6.800
(  101, 284)  coste     14.200    14.200
(  101, 386)  coste     4.300    4.300
(  101, 392)  coste     15.500    15.500
(  101, 433)  coste     10.000    10.000
(  102, 332)  coste     3.500    3.500
(  102, 337)  coste     5.100    5.100
(  102, 357)  coste     3.400    3.400
(  102, 427)  coste     2.100    2.100
(  103, 137)  coste     6.000    6.000
(  103, 200)  coste     4.400    4.400
(  103, 246)  coste     0.900    0.900
(  103, 336)  coste     8.800    8.800
(  103, 362)  coste     1.700    1.700
(  103, 444)  coste     4.000    4.000
(  103, 471)  coste     6.100    6.100
(  103, 495)  coste     7.500    7.500
(  104, 109)  coste     11.200    11.200
(  104, 151)  coste     3.100    3.100
(  104, 221)  coste     6.200    6.200
(  104, 238)  coste     5.800    5.800
(  104, 276)  coste     2.800    2.800
(  104, 307)  coste     6.400    6.400
(  104, 410)  coste     4.800    4.800
(  104, 417)  coste     3.700    3.700
(  105, 391)  coste     2.000    2.000
(  105, 424)  coste     1.800    1.800
(  106, 181)  coste     5.100    5.100
(  106, 285)  coste     4.500    4.500
(  106, 353)  coste     0.800    0.800
(  106, 357)  coste     5.300    5.300
(  106, 418)  coste     8.400    8.400
(  107, 132)  coste     2.600    2.600
(  107, 209)  coste     4.300    4.300
(  107, 402)  coste     8.700    8.700
(  107, 444)  coste     5.000    5.000
(  107, 477)  coste     8.600    8.600
(  108, 161)  coste     2.000    2.000
(  108, 168)  coste     6.900    6.900
(  108, 235)  coste     5.200    5.200
(  108, 249)  coste     4.000    4.000
(  108, 287)  coste     11.000    11.000
(  108, 371)  coste     3.800    3.800
(  108, 465)  coste     9.400    9.400
(  108, 491)  coste     7.700    7.700
(  109, 115)  coste     5.700    5.700
(  109, 314)  coste     13.200    13.200
(  109, 328)  coste     10.800    10.800
(  110, 164)  coste     5.600    5.600
(  110, 292)  coste     7.200    7.200
(  110, 309)  coste     7.200    7.200
(  110, 311)  coste     1.800    1.800
(  110, 393)  coste     4.700    4.700
(  110, 407)  coste     6.000    6.000
(  111, 142)  coste     8.700    8.700
(  111, 169)  coste     8.400    8.400
(  111, 264)  coste     4.800    4.800
(  111, 459)  coste     3.200    3.200
(  111, 476)  coste     5.300    5.300
(  112, 321)  coste     4.200    4.200
(  112, 372)  coste     8.600    8.600
(  112, 423)  coste     7.900    7.900
(  112, 437)  coste     10.400    10.400
(  113, 163)  coste     10.200    10.200
(  113, 173)  coste     2.700    2.700
(  113, 204)  coste     5.300    5.300
(  113, 309)  coste     4.800    4.800
(  113, 346)  coste     3.400    3.400
(  114, 119)  coste     7.600    7.600
(  114, 249)  coste     9.800    9.800
(  114, 376)  coste     8.500    8.500
(  115, 220)  coste     5.200    5.200
(  115, 231)  coste     1.900    1.900
(  115, 448)  coste     2.900    2.900
(  115, 450)  coste     5.600    5.600
(  115, 462)  coste     2.400    2.400
(  115, 469)  coste     7.400    7.400
(  116, 124)  coste     1.700    1.700
(  116, 163)  coste     6.500    6.500
(  116, 194)  coste     5.900    5.900
(  116, 227)  coste     6.500    6.500
(  116, 237)  coste     4.500    4.500
(  116, 257)  coste     6.100    6.100
(  116, 268)  coste     4.800    4.800
(  116, 269)  coste     2.200    2.200
(  116, 270)  coste     6.600    6.600
(  116, 327)  coste     11.100    11.100
(  116, 331)  coste     4.400    4.400
(  116, 364)  coste     4.300    4.300
(  116, 412)  coste     3.300    3.300
(  116, 414)  coste     5.300    5.300
(  117, 130)  coste     12.700    12.700
(  117, 133)  coste     9.000    9.000
(  117, 388)  coste     12.300    12.300
(  118, 244)  coste     2.100    2.100
(  118, 281)  coste     4.500    4.500
(  118, 468)  coste     3.600    3.600
(  118, 498)  coste     6.300    6.300
(  119, 284)  coste     8.300    8.300
(  119, 304)  coste     5.400    5.400
(  119, 319)  coste     4.800    4.800
(  119, 346)  coste     2.300    2.300
(  119, 406)  coste     5.700    5.700
(  119, 480)  coste     1.600    1.600
(  120, 136)  coste     9.600    9.600
(  120, 175)  coste     9.000    9.000
(  120, 208)  coste     7.700    7.700
(  120, 274)  coste     2.200    2.200
(  120, 387)  coste     9.500    9.500
(  121, 190)  coste     11.500    11.500
(  121, 255)  coste     4.800    4.800
(  121, 297)  coste     8.500    8.500
(  121, 307)  coste     7.900    7.900
(  121, 335)  coste     5.400    5.400
(  122, 160)  coste     8.200    8.200
(  122, 213)  coste     3.600    3.600
(  122, 302)  coste     11.500    11.500
(  122, 319)  coste     9.300    9.300
(  122, 471)  coste     6.800    6.800
(  123, 186)  coste     8.300    8.300
(  123, 196)  coste     8.400    8.400
(  123, 248)  coste     7.400    7.400
(  123, 325)  coste     8.400    8.400
(  123, 409)  coste     3.600    3.600
(  123, 455)  coste     15.700    15.700
(  123, 473)  coste     11.800    11.800
(  124, 228)  coste     7.400    7.400
(  124, 234)  coste     6.700    6.700
(  124, 313)  coste     9.300    9.300
(  124, 323)  coste     9.800    9.800
(  124, 381)  coste     2.400    2.400
(  124, 416)  coste     2.200    2.200
(  125, 134)  coste     3.700    3.700
(  125, 433)  coste     3.900    3.900
(  125, 477)  coste     6.200    6.200
(  126, 281)  coste     1.100    1.100
(  126, 305)  coste     4.700    4.700
(  126, 412)  coste     4.100    4.100
(  126, 441)  coste     11.000    11.000
(  126, 491)  coste     4.500    4.500
(  127, 191)  coste     8.700    8.700
(  127, 321)  coste     10.900    10.900
(  127, 457)  coste     6.900    6.900
(  128, 190)  coste     5.200    5.200
(  128, 215)  coste     1.900    1.900
(  128, 256)  coste     3.700    3.700
(  128, 282)  coste     6.900    6.900
(  128, 326)  coste     4.100    4.100
(  128, 428)  coste     5.000    5.000
(  128, 446)  coste     9.400    9.400
(  128, 496)  coste     7.800    7.800
(  129, 131)  coste     13.600    13.600
(  129, 146)  coste     6.100    6.100
(  129, 183)  coste     7.000    7.000
(  129, 204)  coste     13.000    13.000
(  129, 227)  coste     11.100    11.100
(  129, 231)  coste     6.600    6.600
(  129, 385)  coste     8.600    8.600
(  130, 282)  coste     10.900    10.900
(  130, 326)  coste     7.900    7.900
(  130, 438)  coste     5.200    5.200
(  131, 162)  coste     6.600    6.600
(  131, 165)  coste     11.400    11.400
(  131, 191)  coste     15.100    15.100
(  131, 222)  coste     3.200    3.200
(  131, 237)  coste     4.300    4.300
(  131, 265)  coste     10.700    10.700
(  131, 267)  coste     8.900    8.900
(  131, 272)  coste     14.800    14.800
(  131, 421)  coste     0.800    0.800
(  131, 424)  coste     6.100    6.100
(  132, 352)  coste     7.900    7.900
(  132, 443)  coste     9.900    9.900
(  132, 486)  coste     1.600    1.600
(  133, 166)  coste     2.300    2.300
(  133, 176)  coste     12.800    12.800
(  133, 253)  coste     8.300    8.300
(  133, 296)  coste     1.200    1.200
(  133, 378)  coste     6.900    6.900
(  133, 396)  coste     7.200    7.200
(  134, 302)  coste     7.500    7.500
(  134, 479)  coste     3.300    3.300
(  135, 145)  coste     10.000    10.000
(  135, 294)  coste     6.900    6.900
(  135, 330)  coste     1.800    1.800
(  135, 424)  coste     3.700    3.700
(  135, 454)  coste     4.000    4.000
(  136, 300)  coste     14.400    14.400
(  136, 316)  coste     14.700    14.700
(  136, 411)  coste     4.800    4.800
(  137, 188)  coste     8.900    8.900
(  137, 377)  coste     4.900    4.900
(  137, 420)  coste     9.300    9.300
(  138, 146)  coste     4.600    4.600
(  138, 228)  coste     14.200    14.200
(  138, 265)  coste     6.400    6.400
(  138, 275)  coste     5.600    5.600
(  138, 359)  coste     13.400    13.400
(  138, 380)  coste     3.700    3.700
(  138, 411)  coste     12.200    12.200
(  138, 412)  coste     5.600    5.600
(  138, 441)  coste     14.300    14.300
(  138, 465)  coste     6.300    6.300
(  139, 152)  coste     5.400    5.400
(  139, 166)  coste     7.600    7.600
(  139, 204)  coste     10.600    10.600
(  139, 258)  coste     4.000    4.000
(  139, 276)  coste     6.200    6.200
(  139, 286)  coste     3.600    3.600
(  139, 298)  coste     7.800    7.800
(  139, 395)  coste     9.200    9.200
(  139, 439)  coste     10.900    10.900
(  139, 449)  coste     9.200    9.200
(  140, 146)  coste     12.600    12.600
(  140, 219)  coste     4.000    4.000
(  140, 243)  coste     5.700    5.700
(  140, 297)  coste     4.100    4.100
(  140, 401)  coste     10.600    10.600
(  141, 142)  coste     5.800    5.800
(  141, 219)  coste     3.300    3.300
(  141, 235)  coste     7.200    7.200
(  142, 146)  coste     11.700    11.700
(  142, 246)  coste     11.100    11.100
(  142, 270)  coste     16.800    16.800
(  142, 401)  coste     9.700    9.700
(  142, 427)  coste     12.800    12.800
(  142, 471)  coste     4.500    4.500
(  143, 227)  coste     7.200    7.200
(  143, 233)  coste     9.600    9.600
(  143, 243)  coste     4.900    4.900
(  143, 263)  coste     1.100    1.100
(  143, 322)  coste     5.500    5.500
(  143, 337)  coste     3.100    3.100
(  143, 344)  coste     8.600    8.600
(  144, 168)  coste     11.600    11.600
(  144, 182)  coste     14.300    14.300
(  144, 270)  coste     7.500    7.500
(  144, 295)  coste     12.400    12.400
(  144, 322)  coste     5.300    5.300
(  144, 328)  coste     1.700    1.700
(  144, 338)  coste     5.600    5.600
(  144, 445)  coste     2.100    2.100
(  145, 154)  coste     9.500    9.500
(  145, 175)  coste     3.900    3.900
(  145, 193)  coste     4.100    4.100
(  145, 213)  coste     2.100    2.100
(  145, 338)  coste     5.500    5.500
(  145, 404)  coste     9.600    9.600
(  145, 408)  coste     3.800    3.800
(  145, 410)  coste     6.200    6.200
(  145, 434)  coste     5.000    5.000
(  145, 435)  coste     7.100    7.100
(  145, 439)  coste     3.700    3.700
(  146, 223)  coste     11.800    11.800
(  146, 254)  coste     8.100    8.100
(  146, 283)  coste     4.200    4.200
(  146, 287)  coste     11.700    11.700
(  147, 154)  coste     4.600    4.600
(  147, 249)  coste     7.500    7.500
(  147, 329)  coste     4.100    4.100
(  147, 429)  coste     1.400    1.400
(  147, 463)  coste     5.000    5.000
(  148, 249)  coste     10.300    10.300
(  148, 328)  coste     10.100    10.100
(  148, 461)  coste     2.900    2.900
(  149, 250)  coste     10.000    10.000
(  149, 354)  coste     12.200    12.200
(  149, 437)  coste     5.000    5.000
(  149, 445)  coste     10.900    10.900
(  149, 479)  coste     4.900    4.900
(  150, 257)  coste     13.600    13.600
(  150, 346)  coste     5.800    5.800
(  150, 389)  coste     9.400    9.400
(  151, 221)  coste     5.500    5.500
(  151, 228)  coste     2.400    2.400
(  151, 234)  coste     3.700    3.700
(  151, 347)  coste     5.000    5.000
(  151, 360)  coste     4.800    4.800
(  151, 372)  coste     7.200    7.200
(  152, 203)  coste     3.700    3.700
(  152, 461)  coste     5.400    5.400
(  153, 154)  coste     5.000    5.000
(  153, 173)  coste     11.100    11.100
(  153, 217)  coste     2.400    2.400
(  153, 465)  coste     13.500    13.500
(  153, 484)  coste     8.400    8.400
(  154, 233)  coste     5.000    5.000
(  154, 293)  coste     0.600    0.600
(  154, 294)  coste     4.800    4.800
(  154, 328)  coste     7.700    7.700
(  154, 459)  coste     4.600    4.600
(  155, 216)  coste     7.800    7.800
(  155, 247)  coste     5.200    5.200
(  155, 278)  coste     2.400    2.400
(  155, 384)  coste     4.700    4.700
(  155, 396)  coste     4.200    4.200
(  155, 439)  coste     5.200    5.200
(  155, 466)  coste     6.300    6.300
(  156, 221)  coste     1.200    1.200
(  157, 204)  coste     12.800    12.800
(  157, 415)  coste     2.200    2.200
(  158, 248)  coste     2.600    2.600
(  158, 278)  coste     5.100    5.100
(  158, 286)  coste     6.600    6.600
(  158, 338)  coste     8.700    8.700
(  158, 457)  coste     5.300    5.300
(  158, 479)  coste     2.400    2.400
(  158, 483)  coste     4.000    4.000
(  159, 167)  coste     4.600    4.600
(  159, 188)  coste     11.900    11.900
(  159, 359)  coste     8.700    8.700
(  159, 368)  coste     13.900    13.900
(  159, 411)  coste     7.100    7.100
(  159, 454)  coste     2.200    2.200
(  160, 187)  coste     8.000    8.000
(  160, 358)  coste     12.200    12.200
(  160, 477)  coste     8.100    8.100
(  161, 193)  coste     5.100    5.100
(  161, 468)  coste     1.800    1.800
(  162, 267)  coste     6.900    6.900
(  162, 276)  coste     4.400    4.400
(  162, 384)  coste     3.600    3.600
(  162, 408)  coste     2.600    2.600
(  163, 209)  coste     9.800    9.800
(  163, 301)  coste     7.700    7.700
(  163, 343)  coste     6.200    6.200
(  163, 398)  coste     10.400    10.400
(  163, 431)  coste     7.700    7.700
(  163, 450)  coste     11.600    11.600
(  164, 233)  coste     14.000    14.000
(  164, 273)  coste     6.800    6.800
(  164, 414)  coste     4.200    4.200
(  165, 297)  coste     10.400    10.400
(  165, 364)  coste     5.100    5.100
(  165, 371)  coste     3.000    3.000
(  165, 401)  coste     5.300    5.300
(  165, 460)  coste     5.700    5.700
(  166, 306)  coste     3.800    3.800
(  166, 357)  coste     4.100    4.100
(  166, 404)  coste     8.000    8.000
(  166, 477)  coste     2.200    2.200
(  167, 214)  coste     3.700    3.700
(  167, 245)  coste     6.400    6.400
(  167, 341)  coste     5.000    5.000
(  167, 369)  coste     7.400    7.400
(  167, 411)  coste     3.900    3.900
(  167, 469)  coste     5.300    5.300
(  168, 216)  coste     7.000    7.000
(  168, 252)  coste     11.800    11.800
(  168, 260)  coste     8.400    8.400
(  168, 336)  coste     2.700    2.700
(  169, 175)  coste     11.800    11.800
(  169, 361)  coste     13.500    13.500
(  169, 473)  coste     9.500    9.500
(  169, 478)  coste     2.900    2.900
(  170, 196)  coste     4.600    4.600
(  170, 276)  coste     5.800    5.800
(  170, 277)  coste     1.900    1.900
(  170, 396)  coste     2.700    2.700
(  171, 224)  coste     7.900    7.900
(  171, 230)  coste     10.700    10.700
(  171, 244)  coste     4.500    4.500
(  171, 275)  coste     2.700    2.700
(  171, 396)  coste     4.900    4.900
(  171, 410)  coste     13.000    13.000
(  171, 485)  coste     9.700    9.700
(  172, 177)  coste     8.600    8.600
(  172, 303)  coste     6.200    6.200
(  172, 417)  coste     8.200    8.200
(  172, 440)  coste     2.600    2.600
(  172, 445)  coste     11.700    11.700
(  172, 473)  coste     3.900    3.900
(  173, 228)  coste     6.900    6.900
(  173, 294)  coste     2.100    2.100
(  173, 309)  coste     5.900    5.900
(  173, 318)  coste     8.900    8.900
(  173, 421)  coste     9.400    9.400
(  173, 475)  coste     10.200    10.200
(  174, 194)  coste     4.300    4.300
(  174, 325)  coste     7.400    7.400
(  174, 371)  coste     7.200    7.200
(  174, 412)  coste     9.100    9.100
(  175, 221)  coste     9.100    9.100
(  175, 223)  coste     6.600    6.600
(  175, 224)  coste     8.000    8.000
(  175, 344)  coste     6.600    6.600
(  175, 370)  coste     7.400    7.400
(  175, 438)  coste     9.300    9.300
(  176, 189)  coste     3.000    3.000
(  176, 206)  coste     6.800    6.800
(  176, 289)  coste     3.600    3.600
(  176, 377)  coste     9.400    9.400
(  176, 417)  coste     7.000    7.000
(  176, 492)  coste     6.600    6.600
(  177, 191)  coste     7.800    7.800
(  177, 203)  coste     9.400    9.400
(  177, 207)  coste     6.800    6.800
(  177, 306)  coste     8.700    8.700
(  177, 330)  coste     15.100    15.100
(  177, 353)  coste     5.300    5.300
(  177, 376)  coste     18.000    18.000
(  177, 392)  coste     3.900    3.900
(  178, 233)  coste     11.800    11.800
(  178, 321)  coste     7.800    7.800
(  178, 328)  coste     7.700    7.700
(  178, 424)  coste     1.000    1.000
(  179, 298)  coste     12.200    12.200
(  179, 392)  coste     11.200    11.200
(  179, 414)  coste     8.900    8.900
(  179, 420)  coste     1.900    1.900
(  179, 431)  coste     2.000    2.000
(  179, 445)  coste     13.000    13.000
(  179, 447)  coste     13.100    13.100
(  180, 211)  coste     12.600    12.600
(  180, 217)  coste     7.000    7.000
(  180, 229)  coste     4.900    4.900
(  180, 277)  coste     10.000    10.000
(  180, 297)  coste     3.500    3.500
(  180, 329)  coste     6.300    6.300
(  180, 361)  coste     5.900    5.900
(  180, 445)  coste     4.700    4.700
(  181, 189)  coste     7.200    7.200
(  181, 212)  coste     0.500    0.500
(  181, 230)  coste     7.200    7.200
(  181, 265)  coste     8.600    8.600
(  181, 352)  coste     6.600    6.600
(  181, 369)  coste     7.300    7.300
(  181, 409)  coste     3.900    3.900
(  181, 465)  coste     3.500    3.500
(  181, 481)  coste     5.000    5.000
(  182, 197)  coste     10.000    10.000
(  182, 257)  coste     1.500    1.500
(  182, 289)  coste     5.900    5.900
(  182, 293)  coste     5.300    5.300
(  182, 370)  coste     8.500    8.500
(  182, 399)  coste     11.000    11.000
(  182, 435)  coste     7.500    7.500
(  182, 447)  coste     13.900    13.900
(  183, 187)  coste     5.700    5.700
(  183, 247)  coste     4.100    4.100
(  183, 287)  coste     12.600    12.600
(  183, 360)  coste     5.700    5.700
(  183, 379)  coste     10.800    10.800
(  183, 438)  coste     8.800    8.800
(  183, 490)  coste     4.600    4.600
(  184, 268)  coste     4.600    4.600
(  184, 351)  coste     2.600    2.600
(  184, 405)  coste     4.200    4.200
(  184, 497)  coste     5.600    5.600
(  185, 189)  coste     8.600    8.600
(  185, 227)  coste     9.200    9.200
(  185, 239)  coste     6.000    6.000
(  185, 248)  coste     7.500    7.500
(  185, 277)  coste     6.200    6.200
(  185, 357)  coste     7.800    7.800
(  185, 402)  coste     11.400    11.400
(  185, 482)  coste     5.000    5.000
(  186, 217)  coste     1.200    1.200
(  186, 317)  coste     8.800    8.800
(  186, 334)  coste     3.100    3.100
(  186, 412)  coste     8.000    8.000
(  186, 430)  coste     8.400    8.400
(  186, 437)  coste     10.000    10.000
(  187, 224)  coste     6.800    6.800
(  187, 236)  coste     4.000    4.000
(  187, 242)  coste     7.700    7.700
(  187, 257)  coste     13.200    13.200
(  187, 282)  coste     2.600    2.600
(  187, 324)  coste     2.200    2.200
(  187, 333)  coste     9.700    9.700
(  187, 372)  coste     9.600    9.600
(  187, 461)  coste     9.300    9.300
(  187, 476)  coste     10.700    10.700
(  187, 494)  coste     2.000    2.000
(  188, 311)  coste     10.200    10.200
(  189, 194)  coste     8.000    8.000
(  189, 210)  coste     4.300    4.300
(  189, 374)  coste     2.600    2.600
(  189, 412)  coste     5.200    5.200
(  189, 455)  coste     3.800    3.800
(  190, 247)  coste     2.700    2.700
(  190, 294)  coste     6.700    6.700
(  190, 412)  coste     3.700    3.700
(  191, 201)  coste     8.300    8.300
(  191, 216)  coste     8.400    8.400
(  191, 245)  coste     7.300    7.300
(  191, 311)  coste     5.200    5.200
(  191, 388)  coste     9.300    9.300
(  191, 454)  coste     6.500    6.500
(  192, 205)  coste     8.100    8.100
(  192, 254)  coste     6.000    6.000
(  192, 277)  coste     0.900    0.900
(  192, 359)  coste     7.300    7.300
(  192, 403)  coste     9.300    9.300
(  192, 492)  coste     5.300    5.300
(  193, 288)  coste     9.300    9.300
(  193, 355)  coste     4.600    4.600
(  193, 390)  coste     6.400    6.400
(  193, 407)  coste     4.800    4.800
(  193, 422)  coste     3.400    3.400
(  193, 456)  coste     4.100    4.100
(  193, 488)  coste     5.200    5.200
(  194, 252)  coste     6.000    6.000
(  194, 329)  coste     5.300    5.300
(  194, 347)  coste     5.000    5.000
(  194, 361)  coste     1.500    1.500
(  194, 368)  coste     11.200    11.200
(  195, 228)  coste     9.100    9.100
(  195, 236)  coste     7.500    7.500
(  195, 241)  coste     1.900    1.900
(  195, 257)  coste     8.700    8.700
(  195, 271)  coste     1.400    1.400
(  195, 390)  coste     6.300    6.300
(  196, 290)  coste     4.000    4.000
(  196, 404)  coste     5.800    5.800
(  196, 490)  coste     3.600    3.600
(  197, 215)  coste     3.500    3.500
(  197, 288)  coste     8.400    8.400
(  197, 310)  coste     2.800    2.800
(  197, 331)  coste     2.000    2.000
(  197, 338)  coste     4.100    4.100
(  197, 368)  coste     8.500    8.500
(  197, 374)  coste     7.500    7.500
(  197, 421)  coste     7.200    7.200
(  197, 474)  coste     7.700    7.700
(  198, 246)  coste     4.800    4.800
(  198, 290)  coste     2.900    2.900
(  198, 304)  coste     8.100    8.100
(  198, 408)  coste     7.900    7.900
(  198, 430)  coste     7.600    7.600
(  199, 234)  coste     0.300    0.300
(  199, 256)  coste     7.600    7.600
(  199, 364)  coste     8.200    8.200
(  199, 365)  coste     5.800    5.800
(  200, 239)  coste     5.900    5.900
(  201, 446)  coste     10.400    10.400
(  202, 265)  coste     10.900    10.900
(  202, 287)  coste     9.200    9.200
(  202, 402)  coste     16.100    16.100
(  202, 492)  coste     7.700    7.700
(  203, 324)  coste     5.600    5.600
(  203, 443)  coste     5.000    5.000
(  203, 449)  coste     7.300    7.300
(  204, 222)  coste     2.600    2.600
(  204, 224)  coste     7.900    7.900
(  204, 243)  coste     3.600    3.600
(  204, 345)  coste     7.300    7.300
(  204, 469)  coste     10.900    10.900
(  205, 238)  coste     4.100    4.100
(  205, 373)  coste     6.400    6.400
(  205, 415)  coste     11.900    11.900
(  205, 440)  coste     10.000    10.000
(  205, 470)  coste     7.900    7.900
(  206, 283)  coste     7.400    7.400
(  206, 309)  coste     7.600    7.600
(  207, 215)  coste     5.800    5.800
(  207, 240)  coste     7.000    7.000
(  207, 396)  coste     3.000    3.000
(  207, 469)  coste     6.000    6.000
(  207, 474)  coste     5.400    5.400
(  208, 262)  coste     4.400    4.400
(  208, 312)  coste     8.100    8.100
(  208, 324)  coste     1.700    1.700
(  208, 326)  coste     11.300    11.300
(  208, 361)  coste     5.000    5.000
(  208, 378)  coste     6.000    6.000
(  208, 422)  coste     3.100    3.100
(  208, 440)  coste     9.500    9.500
(  208, 484)  coste     0.700    0.700
(  209, 408)  coste     6.100    6.100
(  209, 484)  coste     7.800    7.800
(  209, 499)  coste     7.600    7.600
(  210, 246)  coste     3.300    3.300
(  210, 251)  coste     5.300    5.300
(  210, 459)  coste     3.300    3.300
(  211, 284)  coste     9.200    9.200
(  212, 262)  coste     4.400    4.400
(  212, 270)  coste     12.400    12.400
(  212, 313)  coste     1.800    1.800
(  212, 450)  coste     8.100    8.100
(  212, 469)  coste     5.300    5.300
(  212, 482)  coste     1.900    1.900
(  213, 217)  coste     7.600    7.600
(  213, 225)  coste     14.700    14.700
(  213, 232)  coste     9.900    9.900
(  213, 274)  coste     7.400    7.400
(  213, 277)  coste     10.800    10.800
(  213, 315)  coste     6.000    6.000
(  213, 385)  coste     5.700    5.700
(  213, 476)  coste     12.500    12.500
(  214, 232)  coste     12.300    12.300
(  214, 275)  coste     2.000    2.000
(  214, 319)  coste     1.500    1.500
(  214, 357)  coste     13.200    13.200
(  214, 372)  coste     4.600    4.600
(  214, 406)  coste     8.400    8.400
(  214, 486)  coste     3.500    3.500
(  214, 496)  coste     11.100    11.100
(  215, 254)  coste     4.500    4.500
(  215, 297)  coste     4.500    4.500
(  215, 331)  coste     3.900    3.900
(  215, 343)  coste     7.000    7.000
(  215, 370)  coste     3.000    3.000
(  215, 401)  coste     6.200    6.200
(  215, 483)  coste     4.900    4.900
(  216, 334)  coste     10.500    10.500
(  216, 345)  coste     6.200    6.200
(  216, 394)  coste     14.100    14.100
(  216, 498)  coste     11.200    11.200
(  217, 243)  coste     8.900    8.900
(  217, 257)  coste     7.400    7.400
(  217, 337)  coste     3.100    3.100
(  217, 391)  coste     10.600    10.600
(  218, 339)  coste     0.300    0.300
(  218, 363)  coste     3.000    3.000
(  218, 365)  coste     6.900    6.900
(  218, 392)  coste     9.400    9.400
(  218, 394)  coste     11.800    11.800
(  218, 426)  coste     7.800    7.800
(  218, 490)  coste     12.200    12.200
(  219, 295)  coste     8.200    8.200
(  219, 338)  coste     4.000    4.000
(  219, 413)  coste     9.600    9.600
(  219, 455)  coste     8.000    8.000
(  219, 471)  coste     1.400    1.400
(  219, 482)  coste     0.800    0.800
(  220, 263)  coste     3.900    3.900
(  220, 337)  coste     5.100    5.100
(  220, 338)  coste     3.600    3.600
(  220, 415)  coste     7.700    7.700
(  220, 452)  coste     7.300    7.300
(  220, 458)  coste     5.700    5.700
(  220, 466)  coste     6.700    6.700
(  221, 310)  coste     4.600    4.600
(  221, 331)  coste     5.200    5.200
(  221, 381)  coste     7.700    7.700
(  221, 430)  coste     4.300    4.300
(  222, 290)  coste     8.400    8.400
(  222, 293)  coste     9.500    9.500
(  222, 465)  coste     8.000    8.000
(  222, 466)  coste     2.400    2.400
(  223, 238)  coste     6.300    6.300
(  223, 397)  coste     5.400    5.400
(  223, 410)  coste     14.500    14.500
(  223, 424)  coste     3.400    3.400
(  223, 438)  coste     3.900    3.900
(  223, 465)  coste     2.500    2.500
(  224, 235)  coste     6.100    6.100
(  224, 246)  coste     1.800    1.800
(  224, 365)  coste     1.400    1.400
(  224, 469)  coste     6.000    6.000
(  225, 226)  coste     4.600    4.600
(  225, 257)  coste     2.700    2.700
(  225, 335)  coste     7.300    7.300
(  225, 408)  coste     9.600    9.600
(  225, 433)  coste     8.500    8.500
(  225, 451)  coste     5.400    5.400
(  225, 492)  coste     7.100    7.100
(  226, 296)  coste     8.300    8.300
(  226, 300)  coste     4.300    4.300
(  226, 320)  coste     2.400    2.400
(  226, 349)  coste     2.700    2.700
(  226, 491)  coste     5.300    5.300
(  227, 248)  coste     1.700    1.700
(  227, 292)  coste     10.200    10.200
(  227, 441)  coste     8.900    8.900
(  227, 478)  coste     3.900    3.900
(  228, 252)  coste     0.800    0.800
(  228, 257)  coste     13.200    13.200
(  228, 333)  coste     9.700    9.700
(  228, 336)  coste     9.300    9.300
(  228, 435)  coste     7.400    7.400
(  229, 465)  coste     10.000    10.000
(  230, 284)  coste     2.000    2.000
(  230, 315)  coste     9.400    9.400
(  230, 362)  coste     3.800    3.800
(  230, 411)  coste     10.200    10.200
(  231, 236)  coste     2.300    2.300
(  231, 391)  coste     7.100    7.100
(  231, 393)  coste     2.800    2.800
(  231, 430)  coste     3.700    3.700
(  232, 240)  coste     5.900    5.900
(  232, 297)  coste     11.200    11.200
(  232, 437)  coste     9.500    9.500
(  232, 472)  coste     4.500    4.500
(  233, 265)  coste     5.800    5.800
(  233, 339)  coste     15.400    15.400
(  233, 342)  coste     9.000    9.000
(  233, 345)  coste     8.600    8.600
(  233, 370)  coste     8.600    8.600
(  233, 378)  coste     8.300    8.300
(  233, 450)  coste     3.000    3.000
(  234, 311)  coste     5.100    5.100
(  234, 343)  coste     5.300    5.300
(  234, 368)  coste     10.300    10.300
(  234, 447)  coste     2.300    2.300
(  234, 472)  coste     5.100    5.100
(  234, 479)  coste     4.800    4.800
(  234, 491)  coste     10.500    10.500
(  235, 242)  coste     7.000    7.000
(  235, 407)  coste     8.500    8.500
(  235, 408)  coste     4.600    4.600
(  235, 494)  coste     2.700    2.700
(  236, 259)  coste     6.200    6.200
(  236, 264)  coste     3.400    3.400
(  236, 273)  coste     3.600    3.600
(  236, 281)  coste     5.800    5.800
(  236, 347)  coste     3.400    3.400
(  236, 456)  coste     4.100    4.100
(  237, 340)  coste     10.000    10.000
(  237, 366)  coste     7.600    7.600
(  237, 368)  coste     9.800    9.800
(  238, 287)  coste     6.200    6.200
(  238, 402)  coste     10.100    10.100
(  238, 495)  coste     3.700    3.700
(  239, 319)  coste     9.900    9.900
(  239, 362)  coste     4.600    4.600
(  239, 408)  coste     5.500    5.500
(  239, 472)  coste     5.200    5.200
(  240, 293)  coste     4.600    4.600
(  240, 341)  coste     5.100    5.100
(  240, 426)  coste     7.100    7.100
(  240, 470)  coste     9.900    9.900
(  240, 488)  coste     14.800    14.800
(  241, 365)  coste     8.800    8.800
(  241, 413)  coste     10.800    10.800
(  241, 427)  coste     10.900    10.900
(  242, 265)  coste     5.100    5.100
(  242, 488)  coste     8.500    8.500
(  243, 315)  coste     3.900    3.900
(  243, 316)  coste     12.600    12.600
(  243, 409)  coste     0.400    0.400
(  244, 380)  coste     5.900    5.900
(  244, 482)  coste     3.000    3.000
(  244, 483)  coste     2.900    2.900
(  245, 460)  coste     4.300    4.300
(  246, 313)  coste     8.500    8.500
(  246, 322)  coste     7.100    7.100
(  246, 342)  coste     0.600    0.600
(  246, 364)  coste     5.000    5.000
(  246, 375)  coste     7.300    7.300
(  246, 453)  coste     6.800    6.800
(  248, 320)  coste     9.200    9.200
(  248, 344)  coste     14.100    14.100
(  248, 372)  coste     8.300    8.300
(  248, 485)  coste     8.900    8.900
(  249, 258)  coste     3.600    3.600
(  249, 286)  coste     11.200    11.200
(  249, 389)  coste     7.100    7.100
(  250, 279)  coste     9.400    9.400
(  250, 353)  coste     11.900    11.900
(  250, 443)  coste     7.600    7.600
(  250, 452)  coste     13.900    13.900
(  250, 498)  coste     15.000    15.000
(  251, 425)  coste     7.000    7.000
(  251, 426)  coste     4.500    4.500
(  252, 333)  coste     9.500    9.500
(  252, 411)  coste     8.400    8.400
(  253, 285)  coste     9.300    9.300
(  253, 340)  coste     4.700    4.700
(  253, 475)  coste     11.200    11.200
(  254, 335)  coste     3.500    3.500
(  254, 394)  coste     11.000    11.000
(  254, 422)  coste     1.100    1.100
(  254, 466)  coste     4.600    4.600
(  254, 489)  coste     4.100    4.100
(  255, 342)  coste     4.800    4.800
(  255, 352)  coste     6.000    6.000
(  255, 355)  coste     7.200    7.200
(  255, 403)  coste     4.600    4.600
(  256, 356)  coste     0.700    0.700
(  256, 493)  coste     10.200    10.200
(  257, 277)  coste     4.200    4.200
(  257, 332)  coste     7.900    7.900
(  257, 394)  coste     9.300    9.300
(  257, 419)  coste     6.300    6.300
(  258, 379)  coste     8.000    8.000
(  258, 433)  coste     1.100    1.100
(  259, 331)  coste     6.700    6.700
(  259, 367)  coste     5.300    5.300
(  259, 406)  coste     3.600    3.600
(  259, 473)  coste     6.500    6.500
(  260, 288)  coste     8.300    8.300
(  260, 297)  coste     3.700    3.700
(  260, 357)  coste     8.400    8.400
(  260, 406)  coste     3.600    3.600
(  260, 443)  coste     9.200    9.200
(  260, 470)  coste     6.900    6.900
(  260, 477)  coste     4.300    4.300
(  261, 270)  coste     15.400    15.400
(  261, 381)  coste     12.900    12.900
(  262, 270)  coste     8.000    8.000
(  262, 312)  coste     3.700    3.700
(  262, 357)  coste     6.500    6.500
(  262, 410)  coste     5.600    5.600
(  262, 430)  coste     2.300    2.300
(  262, 454)  coste     5.600    5.600
(  262, 460)  coste     1.100    1.100
(  262, 498)  coste     5.100    5.100
(  263, 347)  coste     1.100    1.100
(  263, 386)  coste     6.800    6.800
(  263, 432)  coste     6.300    6.300
(  264, 289)  coste     8.200    8.200
(  264, 297)  coste     3.900    3.900
(  264, 463)  coste     9.600    9.600
(  265, 290)  coste     3.900    3.900
(  265, 345)  coste     4.600    4.600
(  265, 356)  coste     3.700    3.700
(  265, 418)  coste     11.900    11.900
(  265, 431)  coste     4.500    4.500
(  265, 454)  coste     10.300    10.300
(  266, 277)  coste     7.600    7.600
(  266, 312)  coste     7.200    7.200
(  266, 413)  coste     7.800    7.800
(  268, 288)  coste     16.400    16.400
(  268, 304)  coste     13.600    13.600
(  268, 305)  coste     8.500    8.500
(  268, 376)  coste     16.900    16.900
(  268, 395)  coste     9.400    9.400
(  268, 438)  coste     11.200    11.200
(  268, 451)  coste     10.200    10.200
(  269, 326)  coste     6.500    6.500
(  269, 330)  coste     11.400    11.400
(  269, 369)  coste     8.200    8.200
(  270, 338)  coste     13.100    13.100
(  270, 419)  coste     15.600    15.600
(  270, 433)  coste     7.900    7.900
(  270, 492)  coste     10.500    10.500
(  270, 500)  coste     10.100    10.100
(  271, 341)  coste     9.000    9.000
(  271, 419)  coste     4.800    4.800
(  272, 302)  coste     4.200    4.200
(  272, 413)  coste     5.300    5.300
(  272, 487)  coste     5.000    5.000
(  272, 493)  coste     12.500    12.500
(  272, 494)  coste     15.100    15.100
(  274, 441)  coste     6.900    6.900
(  274, 476)  coste     8.500    8.500
(  275, 351)  coste     6.100    6.100
(  275, 363)  coste     6.500    6.500
(  275, 367)  coste     4.700    4.700
(  275, 453)  coste     9.000    9.000
(  275, 472)  coste     6.200    6.200
(  276, 380)  coste     7.600    7.600
(  276, 381)  coste     1.700    1.700
(  276, 414)  coste     9.900    9.900
(  277, 288)  coste     12.300    12.300
(  277, 311)  coste     7.600    7.600
(  277, 339)  coste     9.600    9.600
(  277, 483)  coste     4.300    4.300
(  278, 325)  coste     5.500    5.500
(  278, 347)  coste     6.000    6.000
(  278, 383)  coste     5.500    5.500
(  279, 343)  coste     5.000    5.000
(  279, 460)  coste     4.000    4.000
(  279, 482)  coste     6.200    6.200
(  280, 282)  coste     2.500    2.500
(  280, 470)  coste     6.800    6.800
(  281, 321)  coste     7.400    7.400
(  281, 338)  coste     9.200    9.200
(  281, 358)  coste     1.000    1.000
(  281, 389)  coste     4.600    4.600
(  281, 417)  coste     12.000    12.000
(  282, 495)  coste     7.000    7.000
(  283, 391)  coste     11.400    11.400
(  283, 493)  coste     13.400    13.400
(  284, 393)  coste     5.700    5.700
(  284, 404)  coste     7.500    7.500
(  285, 341)  coste     10.300    10.300
(  285, 408)  coste     6.100    6.100
(  285, 423)  coste     3.900    3.900
(  285, 469)  coste     11.200    11.200
(  286, 379)  coste     7.400    7.400
(  287, 393)  coste     7.400    7.400
(  287, 462)  coste     13.100    13.100
(  287, 494)  coste     6.900    6.900
(  288, 313)  coste     4.000    4.000
(  288, 322)  coste     5.400    5.400
(  288, 360)  coste     8.300    8.300
(  288, 405)  coste     7.600    7.600
(  289, 330)  coste     9.300    9.300
(  289, 440)  coste     4.000    4.000
(  289, 442)  coste     2.200    2.200
(  289, 470)  coste     4.700    4.700
(  290, 303)  coste     4.100    4.100
(  290, 372)  coste     2.900    2.900
(  290, 457)  coste     2.500    2.500
(  290, 475)  coste     11.600    11.600
(  291, 327)  coste     12.200    12.200
(  291, 342)  coste     5.800    5.800
(  291, 349)  coste     5.600    5.600
(  291, 366)  coste     10.200    10.200
(  291, 391)  coste     8.200    8.200
(  291, 405)  coste     8.900    8.900
(  291, 462)  coste     7.400    7.400
(  291, 476)  coste     10.700    10.700
(  292, 307)  coste     8.300    8.300
(  292, 362)  coste     9.400    9.400
(  293, 364)  coste     2.200    2.200
(  293, 446)  coste     11.100    11.100
(  295, 345)  coste     6.600    6.600
(  295, 486)  coste     8.900    8.900
(  296, 368)  coste     6.800    6.800
(  296, 424)  coste     5.800    5.800
(  296, 441)  coste     0.900    0.900
(  297, 299)  coste     10.700    10.700
(  297, 324)  coste     5.300    5.300
(  297, 391)  coste     0.500    0.500
(  297, 429)  coste     3.500    3.500
(  298, 299)  coste     7.900    7.900
(  298, 377)  coste     6.300    6.300
(  298, 388)  coste     7.000    7.000
(  298, 428)  coste     11.000    11.000
(  298, 433)  coste     2.900    2.900
(  299, 369)  coste     10.500    10.500
(  300, 354)  coste     13.000    13.000
(  300, 401)  coste     8.200    8.200
(  300, 405)  coste     3.700    3.700
(  300, 491)  coste     2.600    2.600
(  300, 494)  coste     14.600    14.600
(  302, 303)  coste     6.100    6.100
(  302, 316)  coste     4.200    4.200
(  302, 453)  coste     11.500    11.500
(  303, 349)  coste     0.800    0.800
(  303, 437)  coste     0.600    0.600
(  303, 490)  coste     11.700    11.700
(  304, 365)  coste     9.300    9.300
(  305, 317)  coste     8.000    8.000
(  305, 356)  coste     4.900    4.900
(  306, 344)  coste     6.500    6.500
(  306, 393)  coste     7.200    7.200
(  306, 396)  coste     7.700    7.700
(  306, 476)  coste     11.600    11.600
(  307, 426)  coste     7.800    7.800
(  307, 429)  coste     8.100    8.100
(  307, 466)  coste     10.600    10.600
(  308, 327)  coste     10.100    10.100
(  308, 372)  coste     6.100    6.100
(  308, 425)  coste     9.500    9.500
(  310, 423)  coste     3.200    3.200
(  311, 372)  coste     3.400    3.400
(  311, 417)  coste     12.400    12.400
(  311, 437)  coste     1.600    1.600
(  311, 459)  coste     2.200    2.200
(  311, 480)  coste     2.500    2.500
(  311, 482)  coste     4.400    4.400
(  312, 397)  coste     3.400    3.400
(  312, 413)  coste     6.800    6.800
(  312, 426)  coste     1.700    1.700
(  312, 458)  coste     5.300    5.300
(  312, 499)  coste     6.600    6.600
(  313, 434)  coste     1.600    1.600
(  313, 437)  coste     3.300    3.300
(  313, 470)  coste     11.200    11.200
(  313, 490)  coste     14.600    14.600
(  314, 375)  coste     5.800    5.800
(  314, 393)  coste     6.600    6.600
(  315, 320)  coste     3.100    3.100
(  315, 390)  coste     6.600    6.600
(  316, 424)  coste     10.900    10.900
(  316, 442)  coste     6.300    6.300
(  316, 458)  coste     5.800    5.800
(  316, 462)  coste     5.700    5.700
(  317, 333)  coste     11.500    11.500
(  317, 345)  coste     8.000    8.000
(  317, 346)  coste     3.600    3.600
(  317, 411)  coste     4.200    4.200
(  317, 439)  coste     0.600    0.600
(  317, 446)  coste     0.100    0.100
(  317, 481)  coste     3.800    3.800
(  318, 407)  coste     11.200    11.200
(  318, 443)  coste     14.800    14.800
(  319, 366)  coste     1.300    1.300
(  319, 421)  coste     11.400    11.400
(  319, 426)  coste     4.800    4.800
(  319, 442)  coste     7.700    7.700
(  320, 416)  coste     7.700    7.700
(  320, 483)  coste     2.600    2.600
(  321, 402)  coste     8.000    8.000
(  321, 496)  coste     2.500    2.500
(  322, 344)  coste     3.100    3.100
(  322, 441)  coste     3.800    3.800
(  322, 447)  coste     2.700    2.700
(  323, 474)  coste     12.600    12.600
(  323, 491)  coste     6.000    6.000
(  324, 377)  coste     8.800    8.800
(  324, 399)  coste     3.300    3.300
(  324, 422)  coste     3.000    3.000
(  325, 336)  coste     14.200    14.200
(  325, 391)  coste     12.900    12.900
(  325, 492)  coste     9.700    9.700
(  326, 364)  coste     2.000    2.000
(  326, 491)  coste     1.800    1.800
(  326, 500)  coste     2.000    2.000
(  327, 340)  coste     11.600    11.600
(  327, 433)  coste     9.800    9.800
(  328, 350)  coste     1.200    1.200
(  328, 360)  coste     5.100    5.100
(  328, 471)  coste     6.500    6.500
(  329, 346)  coste     6.500    6.500
(  329, 490)  coste     7.600    7.600
(  330, 427)  coste     11.800    11.800
(  330, 429)  coste     5.700    5.700
(  330, 435)  coste     14.700    14.700
(  330, 479)  coste     9.000    9.000
(  331, 442)  coste     3.900    3.900
(  332, 340)  coste     7.100    7.100
(  333, 357)  coste     4.900    4.900
(  333, 373)  coste     11.700    11.700
(  333, 436)  coste     7.200    7.200
(  334, 389)  coste     6.900    6.900
(  336, 368)  coste     13.700    13.700
(  337, 355)  coste     1.900    1.900
(  338, 378)  coste     5.900    5.900
(  338, 465)  coste     7.300    7.300
(  339, 342)  coste     6.400    6.400
(  339, 400)  coste     8.700    8.700
(  340, 341)  coste     3.700    3.700
(  340, 380)  coste     3.500    3.500
(  341, 419)  coste     9.600    9.600
(  341, 439)  coste     10.300    10.300
(  342, 470)  coste     3.300    3.300
(  343, 415)  coste     6.900    6.900
(  344, 360)  coste     6.000    6.000
(  344, 376)  coste     2.800    2.800
(  344, 440)  coste     5.400    5.400
(  344, 460)  coste     7.000    7.000
(  344, 486)  coste     4.300    4.300
(  346, 360)  coste     5.400    5.400
(  347, 422)  coste     6.400    6.400
(  348, 454)  coste     0.600    0.600
(  349, 350)  coste     6.300    6.300
(  349, 459)  coste     0.400    0.400
(  350, 444)  coste     4.600    4.600
(  351, 388)  coste     10.800    10.800
(  351, 424)  coste     6.900    6.900
(  352, 394)  coste     5.300    5.300
(  352, 416)  coste     2.600    2.600
(  352, 420)  coste     5.800    5.800
(  352, 422)  coste     6.000    6.000
(  352, 456)  coste     6.300    6.300
(  353, 409)  coste     5.600    5.600
(  353, 470)  coste     3.000    3.000
(  354, 393)  coste     6.700    6.700
(  354, 416)  coste     10.000    10.000
(  354, 425)  coste     13.400    13.400
(  354, 468)  coste     6.500    6.500
(  354, 489)  coste     5.200    5.200
(  355, 373)  coste     13.000    13.000
(  355, 390)  coste     8.600    8.600
(  355, 481)  coste     8.200    8.200
(  356, 409)  coste     10.600    10.600
(  356, 426)  coste     4.200    4.200
(  357, 380)  coste     8.100    8.100
(  357, 442)  coste     5.400    5.400
(  357, 488)  coste     5.800    5.800
(  358, 373)  coste     4.600    4.600
(  359, 398)  coste     8.200    8.200
(  359, 430)  coste     3.800    3.800
(  359, 453)  coste     2.200    2.200
(  360, 373)  coste     7.400    7.400
(  360, 403)  coste     4.600    4.600
(  360, 407)  coste     2.000    2.000
(  360, 480)  coste     1.900    1.900
(  361, 371)  coste     11.200    11.200
(  361, 405)  coste     4.000    4.000
(  361, 438)  coste     3.200    3.200
(  361, 480)  coste     1.400    1.400
(  362, 378)  coste     8.300    8.300
(  362, 388)  coste     13.300    13.300
(  362, 391)  coste     9.200    9.200
(  362, 449)  coste     12.900    12.900
(  364, 365)  coste     5.400    5.400
(  364, 433)  coste     7.000    7.000
(  364, 458)  coste     4.300    4.300
(  364, 473)  coste     2.700    2.700
(  364, 496)  coste     4.700    4.700
(  365, 486)  coste     5.500    5.500
(  366, 452)  coste     9.700    9.700
(  366, 462)  coste     10.000    10.000
(  366, 465)  coste     2.300    2.300
(  367, 446)  coste     9.200    9.200
(  368, 484)  coste     6.400    6.400
(  369, 377)  coste     7.700    7.700
(  370, 493)  coste     10.000    10.000
(  370, 496)  coste     12.700    12.700
(  371, 413)  coste     2.500    2.500
(  371, 457)  coste     7.700    7.700
(  372, 395)  coste     9.300    9.300
(  372, 481)  coste     9.600    9.600
(  373, 394)  coste     17.300    17.300
(  373, 398)  coste     6.800    6.800
(  373, 487)  coste     5.900    5.900
(  374, 435)  coste     1.400    1.400
(  375, 406)  coste     6.700    6.700
(  375, 465)  coste     3.200    3.200
(  375, 483)  coste     4.600    4.600
(  376, 447)  coste     7.200    7.200
(  376, 450)  coste     7.000    7.000
(  376, 475)  coste     9.700    9.700
(  377, 380)  coste     7.500    7.500
(  381, 452)  coste     1.500    1.500
(  381, 496)  coste     2.700    2.700
(  382, 415)  coste     12.600    12.600
(  382, 435)  coste     11.100    11.100
(  382, 465)  coste     8.600    8.600
(  382, 481)  coste     5.300    5.300
(  383, 430)  coste     3.100    3.100
(  383, 465)  coste     3.400    3.400
(  386, 468)  coste     8.600    8.600
(  387, 403)  coste     8.100    8.100
(  388, 400)  coste     15.000    15.000
(  388, 437)  coste     5.900    5.900
(  389, 408)  coste     5.700    5.700
(  390, 431)  coste     5.100    5.100
(  391, 414)  coste     2.400    2.400
(  392, 436)  coste     10.400    10.400
(  393, 404)  coste     3.600    3.600
(  393, 437)  coste     2.500    2.500
(  393, 483)  coste     1.600    1.600
(  394, 422)  coste     11.300    11.300
(  394, 475)  coste     9.600    9.600
(  395, 407)  coste     8.900    8.900
(  396, 410)  coste     8.100    8.100
(  396, 417)  coste     9.400    9.400
(  397, 464)  coste     2.600    2.600
(  398, 456)  coste     8.300    8.300
(  399, 410)  coste     2.800    2.800
(  399, 421)  coste     6.200    6.200
(  400, 412)  coste     7.100    7.100
(  400, 443)  coste     7.500    7.500
(  400, 500)  coste     7.300    7.300
(  402, 413)  coste     5.000    5.000
(  402, 419)  coste     6.700    6.700
(  403, 443)  coste     8.400    8.400
(  403, 480)  coste     2.700    2.700
(  405, 479)  coste     3.800    3.800
(  406, 459)  coste     5.000    5.000
(  406, 477)  coste     5.900    5.900
(  407, 415)  coste     2.700    2.700
(  407, 460)  coste     3.200    3.200
(  407, 488)  coste     10.000    10.000
(  408, 413)  coste     5.900    5.900
(  409, 459)  coste     5.500    5.500
(  409, 474)  coste     9.500    9.500
(  410, 444)  coste     6.800    6.800
(  410, 448)  coste     3.400    3.400
(  410, 492)  coste     8.100    8.100
(  411, 433)  coste     7.000    7.000
(  412, 453)  coste     9.000    9.000
(  413, 422)  coste     8.200    8.200
(  413, 470)  coste     5.100    5.100
(  414, 439)  coste     6.400    6.400
(  414, 497)  coste     4.900    4.900
(  415, 426)  coste     5.000    5.000
(  415, 430)  coste     8.300    8.300
(  415, 458)  coste     4.800    4.800
(  415, 474)  coste     8.100    8.100
(  416, 444)  coste     8.100    8.100
(  416, 453)  coste     10.000    10.000
(  416, 456)  coste     8.900    8.900
(  416, 495)  coste     10.400    10.400
(  416, 498)  coste     6.600    6.600
(  417, 418)  coste     14.100    14.100
(  417, 492)  coste     9.400    9.400
(  420, 460)  coste     6.800    6.800
(  421, 428)  coste     15.200    15.200
(  421, 468)  coste     6.000    6.000
(  421, 488)  coste     1.700    1.700
(  424, 431)  coste     10.100    10.100
(  424, 469)  coste     7.800    7.800
(  424, 483)  coste     5.500    5.500
(  425, 432)  coste     13.000    13.000
(  425, 462)  coste     5.600    5.600
(  426, 474)  coste     7.700    7.700
(  426, 489)  coste     4.500    4.500
(  428, 497)  coste     12.600    12.600
(  429, 477)  coste     4.500    4.500
(  431, 460)  coste     6.100    6.100
(  432, 450)  coste     12.600    12.600
(  432, 492)  coste     5.800    5.800
(  434, 460)  coste     3.700    3.700
(  438, 453)  coste     8.500    8.500
(  438, 497)  coste     8.000    8.000
(  440, 478)  coste     8.100    8.100
(  441, 495)  coste     7.900    7.900
(  442, 488)  coste     7.400    7.400
(  443, 471)  coste     8.400    8.400
(  447, 473)  coste     7.900    7.900
(  449, 456)  coste     12.600    12.600
(  450, 475)  coste     15.900    15.900
(  450, 491)  coste     2.200    2.200
(  452, 458)  coste     1.600    1.600
(  454, 484)  coste     7.100    7.100
(  456, 483)  coste     4.000    4.000
(  456, 494)  coste     6.100    6.100
(  457, 461)  coste     4.100    4.100
(  459, 482)  coste     3.000    3.000
(  459, 493)  coste     5.400    5.400
(  460, 467)  coste     5.800    5.800
(  460, 480)  coste     2.900    2.900
(  461, 488)  coste     10.100    10.100
(  463, 499)  coste     4.200    4.200
(  473, 485)  coste     9.300    9.300
(  475, 489)  coste     5.700    5.700
(  480, 485)  coste     6.300    6.300
(  483, 498)  coste     5.500    5.500
(  486, 487)  coste     4.200    4.200
(  486, 500)  coste     5.900    5.900
(  489, 491)  coste     11.200    11.200
(  490, 492)  coste     10.900    10.900
(  490, 494)  coste     11.300    11.300
