NOMBRE : N500E2000R100_05
COMENTARIO : Generated instance
VERTICES : 500
ARISTAS_REQ : 100
ARISTAS_NOREQ : 1900
COORDS :
1 7.200 9.000
2 6.300 7.100
3 4.000 3.800
4 8.300 3.000
5 2.100 1.700
6 8.700 3.800
7 8.700 7.000
8 0.300 2.300
9 5.200 1.800
10 4.000 4.200
11 2.200 3.400
12 2.000 4.900
13 8.400 4.800
14 9.600 8.600
15 8.500 3.200
16 0.200 0.000
17 5.900 7.100
18 5.000 2.200
19 2.700 7.300
20 4.300 1.200
21 7.300 8.400
22 4.500 3.200
23 2.500 1.400
24 0.300 6.200
25 5.100 0.500
26 5.600 1.700
27 2.800 2.000
28 4.400 8.000
29 7.700 9.600
30 3.700 4.300
31 0.500 8.300
32 2.400 4.500
33 9.000 3.400
34 8.700 6.400
35 2.700 2.700
36 6.900 2.900
37 1.900 6.000
38 2.500 9.700
39 1.000 3.400
40 7.900 8.500
41 9.000 6.600
42 5.300 3.200
43 7.400 5.500
44 9.100 3.400
45 7.600 2.700
46 6.200 0.400
47 1.800 8.100
48 8.700 9.300
49 3.500 2.800
50 2.000 3.000
51 8.600 8.000
52 1.500 5.200
53 2.400 0.100
54 3.100 2.100
55 7.400 1.600
56 1.600 6.300
57 0.700 8.200
58 0.300 4.400
59 4.600 1.000
60 9.400 0.700
61 9.100 9.200
62 2.700 7.700
63 5.000 6.700
64 2.200 9.700
65 5.800 2.000
66 7.500 9.100
67 0.400 7.800
68 7.400 4.500
69 2.100 5.100
70 3.100 5.200
71 7.200 5.400
72 1.100 9.200
73 0.200 5.000
74 6.100 3.800
75 6.300 7.200
76 3.600 7.600
77 0.600 5.900
78 8.300 9.200
79 3.400 0.600
80 3.100 8.500
81 0.800 5.300
82 8.300 0.100
83 1.700 3.200
84 5.200 5.900
85 1.200 2.100
86 5.800 4.400
87 1.500 5.000
88 1.200 9.500
89 2.600 7.500
90 8.300 1.400
91 7.600 0.200
92 6.400 3.600
93 5.200 9.800
94 4.800 1.700
95 1.100 5.800
96 9.000 0.000
97 8.500 5.400
98 8.100 2.200
99 9.600 3.500
100 1.800 4.100
101 9.700 2.700
102 8.800 8.600
103 3.500 8.700
104 1.100 0.900
105 4.800 5.800
106 0.500 1.100
107 4.800 9.300
108 1.200 5.500
109 7.700 3.600
110 7.900 3.400
111 7.800 0.500
112 9.200 9.200
113 5.900 9.500
114 3.600 3.900
115 7.100 7.800
116 1.000 4.200
117 8.800 4.200
118 7.100 1.300
119 9.500 8.500
120 8.900 7.100
121 7.300 0.200
122 3.700 6.200
123 7.100 7.700
124 2.500 1.500
125 0.100 0.300
126 5.500 1.400
127 0.300 5.200
128 5.500 0.000
129 6.000 6.400
130 4.300 3.700
131 7.000 6.600
132 4.500 8.400
133 7.100 2.600
134 4.800 9.700
135 9.300 3.900
136 5.000 7.500
137 8.600 8.200
138 1.100 1.500
139 8.800 5.500
140 9.700 3.200
141 6.000 2.000
142 3.100 5.000
143 5.000 2.600
144 8.700 3.600
145 4.600 3.200
146 1.600 2.900
147 0.400 6.300
148 1.800 6.900
149 6.000 1.300
150 2.400 6.700
151 0.600 2.600
152 3.800 0.500
153 0.600 1.700
154 7.300 2.600
155 9.300 1.800
156 7.700 2.000
157 0.900 5.800
158 3.600 4.400
159 0.500 4.000
160 5.500 9.400
161 5.700 3.800
162 2.600 1.700
163 7.200 8.000
164 8.800 6.700
165 0.400 1.400
166 9.700 8.500
167 9.600 8.900
168 7.600 9.300
169 4.200 3.700
170 8.300 2.300
171 7.900 0.700
172 1.500 1.800
173 4.400 3.800
174 2.200 8.100
175 8.900 3.800
176 4.100 8.000
177 3.200 2.400
178 6.000 9.600
179 1.100 1.800
180 6.700 3.900
181 3.600 9.500
182 9.400 3.200
183 3.000 7.200
184 5.100 0.200
185 3.400 5.600
186 6.000 0.900
187 8.300 4.200
188 4.700 5.000
189 3.600 2.000
190 2.800 2.300
191 4.500 2.800
192 7.500 7.700
193 1.100 2.900
194 1.100 8.700
195 1.200 3.300
196 3.100 3.000
197 6.600 2.500
198 0.500 4.500
199 6.500 0.700
200 4.800 7.500
201 4.400 2.000
202 0.800 4.300
203 5.600 2.000
204 0.600 3.800
205 7.800 6.700
206 3.700 6.100
207 2.700 8.400
208 3.000 3.700
209 0.400 9.400
210 0.300 7.700
211 6.500 0.800
212 1.300 7.100
213 9.200 9.100
214 0.300 8.000
215 4.700 2.800
216 7.300 4.100
217 7.800 3.700
218 8.100 1.900
219 5.100 9.200
220 8.300 5.100
221 8.100 3.000
222 2.400 7.400
223 3.700 3.600
224 1.000 3.100
225 9.000 7.700
226 2.500 9.600
227 7.200 4.500
228 5.800 3.700
229 8.700 0.500
230 2.300 0.200
231 7.100 1.000
232 9.400 5.300
233 5.300 3.300
234 8.100 0.700
235 7.200 0.700
236 0.900 9.900
237 1.000 7.200
238 0.500 9.800
239 7.200 2.300
240 5.500 4.000
241 9.400 2.000
242 2.300 6.300
243 9.000 9.200
244 4.300 7.700
245 1.100 6.800
246 0.700 7.800
247 6.800 3.000
248 5.200 4.300
249 1.900 3.000
250 0.400 7.600
251 5.000 8.300
252 7.100 9.000
253 6.500 8.500
254 3.200 7.800
255 0.800 5.400
256 4.300 7.900
257 2.000 7.600
258 8.100 9.800
259 1.700 2.100
260 3.600 9.100
261 9.100 2.500
262 5.200 6.300
263 5.400 6.000
264 2.200 9.900
265 4.100 6.000
266 2.000 6.900
267 6.800 4.400
268 5.700 2.000
269 5.500 8.300
270 5.200 8.500
271 5.300 0.200
272 4.800 3.200
273 8.400 9.600
274 5.500 3.600
275 7.100 5.100
276 9.000 8.800
277 7.700 4.400
278 0.500 0.600
279 9.400 6.600
280 1.200 4.900
281 6.000 1.200
282 0.900 1.000
283 7.300 2.500
284 5.700 3.100
285 7.200 5.200
286 2.500 4.700
287 9.300 6.100
288 0.300 1.300
289 5.500 0.300
290 8.100 9.400
291 2.300 6.800
292 4.000 8.200
293 8.600 4.600
294 9.900 6.500
295 6.000 5.400
296 0.100 9.300
297 0.700 9.500
298 9.400 1.500
299 0.200 4.900
300 7.500 4.300
301 0.800 7.000
302 2.300 6.500
303 8.100 9.500
304 5.900 8.600
305 6.300 5.800
306 0.300 9.300
307 6.500 5.800
308 2.100 3.900
309 4.700 3.500
310 0.000 6.000
311 9.400 5.900
312 2.700 6.200
313 7.600 8.600
314 6.800 1.600
315 9.700 4.700
316 3.600 1.600
317 6.900 2.800
318 8.800 8.100
319 1.200 0.200
320 4.200 5.900
321 6.600 2.600
322 1.500 4.800
323 0.400 5.100
324 5.000 8.100
325 7.300 8.700
326 9.700 1.600
327 2.600 5.400
328 8.800 4.000
329 7.700 6.400
330 2.300 6.700
331 2.500 5.900
332 3.800 8.000
333 3.300 4.000
334 6.700 3.000
335 8.200 2.800
336 5.300 7.900
337 8.400 6.300
338 7.900 7.700
339 5.500 7.300
340 7.700 0.200
341 0.600 0.100
342 7.800 6.900
343 3.700 7.100
344 6.700 0.500
345 6.400 8.800
346 6.700 2.400
347 7.400 0.200
348 4.200 3.600
349 5.500 1.000
350 0.400 2.100
351 6.900 4.800
352 3.800 1.000
353 3.000 7.600
354 0.000 5.100
355 0.100 4.500
356 3.700 5.400
357 6.700 6.400
358 4.000 7.700
359 3.300 6.600
360 5.600 1.600
361 9.600 7.000
362 8.100 4.900
363 5.800 5.000
364 9.100 6.400
365 1.000 4.700
366 7.600 0.300
367 2.400 2.000
368 1.500 4.600
369 7.100 2.500
370 3.900 8.900
371 5.900 9.100
372 9.700 4.500
373 7.700 7.200
374 8.100 1.400
375 3.900 5.100
376 0.100 1.500
377 1.700 0.700
378 6.200 7.600
379 4.600 2.500
380 5.400 7.200
381 5.200 4.200
382 4.600 4.900
383 4.400 3.000
384 1.500 4.700
385 4.700 8.800
386 8.900 8.900
387 0.300 8.500
388 9.300 8.500
389 9.700 9.400
390 9.800 9.400
391 5.600 0.500
392 3.700 7.000
393 7.500 6.400
394 1.500 0.300
395 6.700 7.700
396 0.700 1.100
397 0.600 9.000
398 3.600 0.900
399 2.500 6.700
400 3.300 5.000
401 4.800 2.300
402 7.400 8.900
403 1.500 9.100
404 0.900 6.200
405 9.600 1.200
406 3.300 1.800
407 4.000 6.500
408 8.100 1.600
409 1.900 1.200
410 1.200 7.500
411 0.500 9.500
412 9.600 6.400
413 7.700 6.200
414 6.300 0.200
415 4.100 2.000
416 2.000 9.500
417 6.200 9.700
418 6.200 8.700
419 9.500 4.100
420 9.000 3.000
421 4.200 0.000
422 2.300 4.100
423 3.700 6.800
424 0.700 6.500
425 2.600 0.300
426 9.900 3.200
427 9.600 3.900
428 5.300 1.700
429 5.600 7.700
430 7.300 8.100
431 7.000 9.800
432 5.900 4.500
433 3.800 5.200
434 3.600 4.500
435 4.500 2.000
436 9.000 1.300
437 2.900 0.000
438 4.400 4.300
439 6.700 6.900
440 1.000 9.100
441 0.700 2.100
442 2.200 5.400
443 9.500 7.400
444 4.900 8.300
445 4.100 0.800
446 3.900 6.900
447 2.100 8.600
448 5.900 3.600
449 2.000 1.400
450 7.900 0.200
451 5.500 8.500
452 7.200 6.600
453 9.000 5.400
454 1.000 1.600
455 9.800 9.300
456 7.700 3.800
457 4.000 9.300
458 4.900 8.500
459 4.400 9.500
460 8.400 7.600
461 4.100 9.900
462 4.200 6.400
463 8.500 8.300
464 9.400 4.500
465 0.900 3.100
466 6.000 9.400
467 1.800 3.900
468 2.700 7.100
469 7.700 3.000
470 3.500 4.600
471 0.400 8.500
472 4.000 1.600
473 6.000 4.200
474 2.100 9.300
475 8.000 6.300
476 5.100 8.000
477 6.200 2.700
478 3.400 4.400
479 4.100 4.800
480 6.500 4.300
481 3.000 2.000
482 2.700 5.100
483 2.500 2.700
484 4.100 8.200
485 1.900 4.900
486 4.400 6.000
487 1.800 9.400
488 4.600 8.900
489 1.000 0.300
490 5.600 9.800
491 9.800 9.500
492 2.100 3.400
493 7.400 4.100
494 0.900 1.600
495 2.000 9.800
496 4.900 2.200
497 9.500 2.200
498 9.200 1.300
499 8.700 5.100
500 6.100 3.100
LISTA_ARISTAS_REQ :
(   1, 442)  coste     8.600    8.600
(   2,  3)  coste     5.600    5.600
(   5, 175)  coste     8.900    8.900
(   6, 226)  coste     12.000    12.000
(   7, 61)  coste     2.600    2.600
(  11, 128)  coste     6.700    6.700
(  14, 166)  coste     0.200    0.200
(  18, 222)  coste     7.800    7.800
(  21, 257)  coste     6.100    6.100
(  22, 200)  coste     4.600    4.600
(  23, 322)  coste     4.400    4.400
(  26, 113)  coste     8.100    8.100
(  29, 205)  coste     3.000    3.000
(  34, 482)  coste     7.300    7.300
(  36, 113)  coste     7.600    7.600
(  36, 288)  coste     8.200    8.200
(  38, 52)  coste     5.500    5.500
(  39, 423)  coste     6.100    6.100
(  40, 221)  coste     5.700    5.700
(  42, 318)  coste     8.400    8.400
(  43, 320)  coste     3.600    3.600
(  47, 243)  coste     8.300    8.300
(  50, 235)  coste     7.500    7.500
(  56, 245)  coste     1.000    1.000
(  58, 277)  coste     7.400    7.400
(  60, 259)  coste     9.100    9.100
(  63, 177)  coste     6.100    6.100
(  66, 135)  coste     7.000    7.000
(  68, 135)  coste     2.500    2.500
(  70, 412)  coste     7.700    7.700
(  77, 230)  coste     7.400    7.400
(  93, 320)  coste     4.900    4.900
(  95, 104)  coste     4.900    4.900
(  100, 199)  coste     8.100    8.100
(  100, 498)  coste     10.200    10.200
(  103, 197)  coste     9.300    9.300
(  105, 388)  coste     7.200    7.200
(  113, 317)  coste     7.700    7.700
(  114, 392)  coste     3.200    3.200
(  117, 441)  coste     10.200    10.200
(  120, 491)  coste     3.300    3.300
(  122, 222)  coste     2.500    2.500
(  122, 252)  coste     6.200    6.200
(  124, 476)  coste     9.100    9.100
(  125, 310)  coste     5.800    5.800
(  125, 474)  coste     11.000    11.000
(  130, 496)  coste     2.100    2.100
(  133, 402)  coste     6.600    6.600
(  133, 454)  coste     7.100    7.100
(  134, 327)  coste     6.500    6.500
(  139, 170)  coste     3.700    3.700
(  143, 179)  coste     4.700    4.700
(  144, 367)  coste     7.900    7.900
(  150, 164)  coste     6.400    6.400
(  152, 327)  coste     6.100    6.100
(  153, 465)  coste     1.700    1.700
(  157, 325)  coste     9.300    9.300
(  157, 418)  coste     8.200    8.200
(  158, 485)  coste     2.200    2.200
(  163, 358)  coste     3.500    3.500
(  163, 469)  coste     5.500    5.500
(  165, 249)  coste     3.100    3.100
(  169, 424)  coste     6.300    6.300
(  178, 356)  coste     6.500    6.500
(  180, 347)  coste     4.400    4.400
(  181, 288)  coste     11.500    11.500
(  186, 475)  coste     7.400    7.400
(  207, 440)  coste     2.400    2.400
(  209, 444)  coste     5.600    5.600
(  211, 238)  coste     15.000    15.000
(  212, 390)  coste     10.800    10.800
(  222, 492)  coste     4.300    4.300
(  226, 237)  coste     3.900    3.900
(  234, 331)  coste     10.800    10.800
(  235, 390)  coste     11.300    11.300
(  236, 370)  coste     4.000    4.000
(  239, 318)  coste     7.400    7.400
(  242, 315)  coste     9.000    9.000
(  249, 267)  coste     6.300    6.300
(  252, 371)  coste     1.300    1.300
(  253, 435)  coste     8.500    8.500
(  256, 366)  coste     10.900    10.900
(  267, 299)  coste     7.100    7.100
(  272, 317)  coste     2.500    2.500
(  275, 383)  coste     4.800    4.800
(  306, 361)  coste     11.600    11.600
(  310, 380)  coste     6.600    6.600
(  323, 372)  coste     9.900    9.900
(  325, 353)  coste     5.400    5.400
(  334, 353)  coste     8.300    8.300
(  336, 382)  coste     3.700    3.700
(  337, 398)  coste     10.200    10.200
(  340, 448)  coste     5.200    5.200
(  344, 416)  coste     13.700    13.700
(  349, 416)  coste     12.000    12.000
(  398, 429)  coste     8.800    8.800
(  407, 411)  coste     6.500    6.500
(  441, 443)  coste     14.100    14.100
(  441, 476)  coste     10.300    10.300
(  446, 493)  coste     6.300    6.300
LISTA_ARISTAS_NOREQ :
(   1, 317)  coste     6.500    6.500
(   1, 364)  coste     4.500    4.500
(   2, 226)  coste     6.300    6.300
(   2, 242)  coste     4.800    4.800
(   2, 358)  coste     2.900    2.900
(   2, 420)  coste     6.800    6.800
(   2, 482)  coste     5.600    5.600
(   3, 105)  coste     2.800    2.800
(   3, 119)  coste     10.200    10.200
(   3, 235)  coste     6.300    6.300
(   3, 278)  coste     6.700    6.700
(   3, 285)  coste     4.600    4.600
(   3, 352)  coste     3.000    3.000
(   3, 412)  coste     8.200    8.200
(   3, 416)  coste     7.700    7.700
(   3, 425)  coste     4.900    4.900
(   3, 433)  coste     1.600    1.600
(   4,  9)  coste     4.300    4.300
(   4, 18)  coste     4.100    4.100
(   4, 84)  coste     6.000    6.000
(   4, 121)  coste     3.800    3.800
(   4, 159)  coste     8.800    8.800
(   4, 161)  coste     3.400    3.400
(   5, 13)  coste     9.400    9.400
(   5, 109)  coste     7.500    7.500
(   5, 162)  coste     0.500    0.500
(   5, 220)  coste     9.600    9.600
(   5, 287)  coste     11.600    11.600
(   5, 385)  coste     9.700    9.700
(   5, 408)  coste     6.100    6.100
(   6, 30)  coste     5.500    5.500
(   6, 118)  coste     4.100    4.100
(   6, 293)  coste     0.900    0.900
(   6, 312)  coste     8.400    8.400
(   6, 317)  coste     2.800    2.800
(   6, 325)  coste     6.300    6.300
(   6, 350)  coste     10.000    10.000
(   6, 377)  coste     10.100    10.100
(   6, 435)  coste     6.000    6.000
(   6, 439)  coste     5.100    5.100
(   6, 491)  coste     6.800    6.800
(   7, 40)  coste     2.300    2.300
(   7, 67)  coste     9.100    9.100
(   7, 291)  coste     6.600    6.600
(   7, 364)  coste     1.000    1.000
(   7, 414)  coste     9.200    9.200
(   8, 22)  coste     5.100    5.100
(   8, 70)  coste     5.700    5.700
(   8, 261)  coste     9.000    9.000
(   8, 497)  coste     9.300    9.300
(   9, 26)  coste     0.500    0.500
(   9, 258)  coste     10.900    10.900
(   9, 313)  coste     9.200    9.200
(   9, 387)  coste     11.600    11.600
(   9, 429)  coste     6.300    6.300
(   9, 478)  coste     4.400    4.400
(   9, 491)  coste     12.300    12.300
(  10, 178)  coste     7.400    7.400
(  10, 212)  coste     5.600    5.600
(  10, 218)  coste     6.400    6.400
(  10, 254)  coste     4.400    4.400
(  10, 315)  coste     6.200    6.200
(  10, 348)  coste     0.800    0.800
(  10, 372)  coste     6.000    6.000
(  10, 396)  coste     6.400    6.400
(  10, 409)  coste     5.100    5.100
(  10, 466)  coste     7.200    7.200
(  11, 31)  coste     6.600    6.600
(  11, 61)  coste     12.700    12.700
(  11, 85)  coste     2.300    2.300
(  11, 100)  coste     1.100    1.100
(  11, 141)  coste     5.200    5.200
(  11, 234)  coste     8.600    8.600
(  11, 274)  coste     3.500    3.500
(  11, 431)  coste     11.200    11.200
(  11, 467)  coste     0.900    0.900
(  11, 500)  coste     4.200    4.200
(  12, 25)  coste     7.500    7.500
(  12, 312)  coste     2.000    2.000
(  12, 349)  coste     7.400    7.400
(  12, 469)  coste     7.600    7.600
(  12, 496)  coste     5.600    5.600
(  13, 68)  coste     1.300    1.300
(  13, 82)  coste     4.800    4.800
(  13, 112)  coste     5.200    5.200
(  13, 175)  coste     1.500    1.500
(  13, 209)  coste     12.600    12.600
(  13, 267)  coste     2.000    2.000
(  13, 269)  coste     6.400    6.400
(  13, 343)  coste     7.000    7.000
(  13, 353)  coste     8.200    8.200
(  13, 363)  coste     2.800    2.800
(  13, 397)  coste     12.000    12.000
(  14, 65)  coste     10.400    10.400
(  14, 70)  coste     9.900    9.900
(  14, 97)  coste     4.300    4.300
(  14, 119)  coste     0.200    0.200
(  14, 257)  coste     8.600    8.600
(  14, 264)  coste     8.700    8.700
(  14, 292)  coste     6.000    6.000
(  14, 315)  coste     4.000    4.000
(  14, 367)  coste     13.800    13.800
(  14, 392)  coste     7.500    7.500
(  14, 457)  coste     6.300    6.300
(  14, 495)  coste     8.800    8.800
(  15, 24)  coste     11.200    11.200
(  15, 76)  coste     9.300    9.300
(  15, 92)  coste     2.500    2.500
(  15, 339)  coste     7.100    7.100
(  16, 39)  coste     4.200    4.200
(  16, 52)  coste     6.500    6.500
(  16, 66)  coste     16.400    16.400
(  16, 181)  coste     12.900    12.900
(  16, 264)  coste     11.900    11.900
(  16, 291)  coste     8.900    8.900
(  16, 346)  coste     8.900    8.900
(  16, 415)  coste     5.900    5.900
(  16, 439)  coste     13.400    13.400
(  16, 448)  coste     9.300    9.300
(  17, 69)  coste     5.800    5.800
(  17, 249)  coste     8.100    8.100
(  17, 354)  coste     7.900    7.900
(  17, 465)  coste     9.000    9.000
(  17, 466)  coste     2.400    2.400
(  18, 59)  coste     1.600    1.600
(  18, 226)  coste     9.900    9.900
(  18, 230)  coste     4.700    4.700
(  18, 303)  coste     10.400    10.400
(  18, 317)  coste     2.500    2.500
(  18, 395)  coste     7.200    7.200
(  18, 422)  coste     4.600    4.600
(  18, 465)  coste     5.000    5.000
(  18, 485)  coste     5.800    5.800
(  19, 27)  coste     5.400    5.400
(  19, 44)  coste     10.300    10.300
(  19, 198)  coste     5.000    5.000
(  19, 203)  coste     8.200    8.200
(  19, 322)  coste     3.700    3.700
(  20, 21)  coste     10.200    10.200
(  20, 26)  coste     1.800    1.800
(  20, 176)  coste     7.000    7.000
(  20, 258)  coste     12.400    12.400
(  20, 324)  coste     7.600    7.600
(  20, 381)  coste     3.900    3.900
(  20, 437)  coste     2.600    2.600
(  21, 39)  coste     11.300    11.300
(  21, 98)  coste     7.000    7.000
(  21, 121)  coste     8.200    8.200
(  21, 129)  coste     3.300    3.300
(  21, 167)  coste     2.800    2.800
(  21, 202)  coste     10.600    10.600
(  21, 448)  coste     6.200    6.200
(  21, 493)  coste     4.400    4.400
(  22, 62)  coste     6.300    6.300
(  22, 63)  coste     4.000    4.000
(  22, 81)  coste     5.800    5.800
(  22, 110)  coste     3.600    3.600
(  22, 207)  coste     7.000    7.000
(  22, 224)  coste     3.600    3.600
(  22, 267)  coste     3.500    3.500
(  22, 273)  coste     10.300    10.300
(  22, 322)  coste     4.600    4.600
(  22, 337)  coste     7.000    7.000
(  22, 453)  coste     6.700    6.700
(  22, 456)  coste     3.800    3.800
(  22, 475)  coste     6.600    6.600
(  23, 34)  coste     11.200    11.200
(  23, 68)  coste     8.000    8.000
(  23, 69)  coste     4.100    4.100
(  23, 174)  coste     7.000    7.000
(  23, 296)  coste     10.300    10.300
(  23, 440)  coste     9.200    9.200
(  23, 448)  coste     5.600    5.600
(  23, 456)  coste     7.600    7.600
(  24, 92)  coste     8.700    8.700
(  24, 171)  coste     13.100    13.100
(  24, 195)  coste     3.800    3.800
(  24, 220)  coste     9.100    9.100
(  24, 276)  coste     11.300    11.300
(  24, 309)  coste     7.100    7.100
(  24, 317)  coste     10.000    10.000
(  25, 36)  coste     4.200    4.200
(  25, 82)  coste     3.600    3.600
(  25, 223)  coste     4.500    4.500
(  25, 246)  coste     11.700    11.700
(  25, 293)  coste     7.600    7.600
(  25, 352)  coste     1.800    1.800
(  25, 500)  coste     3.600    3.600
(  26, 155)  coste     3.800    3.800
(  26, 168)  coste     9.600    9.600
(  26, 400)  coste     5.600    5.600
(  26, 455)  coste     11.800    11.800
(  27, 57)  coste     8.300    8.300
(  27, 157)  coste     5.700    5.700
(  27, 162)  coste     0.500    0.500
(  27, 182)  coste     7.800    7.800
(  27, 239)  coste     4.700    4.700
(  27, 436)  coste     6.900    6.900
(  27, 476)  coste     8.300    8.300
(  28, 38)  coste     3.600    3.600
(  28, 99)  coste     9.700    9.700
(  28, 162)  coste     8.100    8.100
(  28, 270)  coste     1.300    1.300
(  28, 271)  coste     8.700    8.700
(  28, 322)  coste     6.100    6.100
(  28, 490)  coste     3.000    3.000
(  29, 30)  coste     9.300    9.300
(  29, 41)  coste     4.300    4.300
(  29, 56)  coste     9.400    9.400
(  29, 88)  coste     6.600    6.600
(  29, 109)  coste     6.000    6.000
(  29, 137)  coste     2.300    2.300
(  29, 183)  coste     7.100    7.100
(  29, 215)  coste     9.800    9.800
(  29, 276)  coste     2.100    2.100
(  29, 361)  coste     4.500    4.500
(  30, 101)  coste     7.600    7.600
(  30, 245)  coste     5.100    5.100
(  30, 252)  coste     8.100    8.100
(  30, 255)  coste     4.000    4.000
(  30, 262)  coste     3.500    3.500
(  30, 274)  coste     2.500    2.500
(  30, 292)  coste     4.200    4.200
(  30, 459)  coste     5.900    5.900
(  30, 487)  coste     7.000    7.000
(  31, 89)  coste     2.900    2.900
(  31, 100)  coste     5.500    5.500
(  31, 194)  coste     1.000    1.000
(  31, 330)  coste     3.400    3.400
(  31, 386)  coste     9.000    9.000
(  31, 403)  coste     1.800    1.800
(  32, 42)  coste     4.200    4.200
(  32, 71)  coste     5.700    5.700
(  32, 93)  coste     8.100    8.100
(  32, 119)  coste     11.100    11.100
(  32, 179)  coste     4.000    4.000
(  32, 181)  coste     6.200    6.200
(  32, 231)  coste     8.200    8.200
(  32, 251)  coste     6.400    6.400
(  32, 320)  coste     3.200    3.200
(  32, 469)  coste     6.800    6.800
(  32, 474)  coste     5.100    5.100
(  32, 478)  coste     1.100    1.100
(  33, 42)  coste     3.900    3.900
(  33, 44)  coste     0.100    0.100
(  33, 217)  coste     1.500    1.500
(  33, 218)  coste     2.400    2.400
(  33, 443)  coste     4.500    4.500
(  34, 75)  coste     3.200    3.200
(  34, 113)  coste     5.900    5.900
(  34, 146)  coste     10.600    10.600
(  34, 166)  coste     3.100    3.100
(  34, 217)  coste     3.600    3.600
(  34, 309)  coste     6.900    6.900
(  34, 315)  coste     2.700    2.700
(  34, 318)  coste     1.800    1.800
(  34, 353)  coste     6.900    6.900
(  34, 453)  coste     1.300    1.300
(  35, 108)  coste     4.300    4.300
(  35, 128)  coste     5.500    5.500
(  35, 192)  coste     9.800    9.800
(  35, 200)  coste     6.900    6.900
(  35, 218)  coste     6.200    6.200
(  35, 219)  coste     8.900    8.900
(  35, 221)  coste     5.700    5.700
(  35, 231)  coste     6.100    6.100
(  35, 311)  coste     9.900    9.900
(  35, 325)  coste     10.600    10.600
(  35, 367)  coste     1.000    1.000
(  35, 443)  coste     11.500    11.500
(  36, 160)  coste     7.900    7.900
(  36, 176)  coste     7.900    7.900
(  36, 180)  coste     1.200    1.200
(  36, 239)  coste     0.900    0.900
(  36, 243)  coste     8.400    8.400
(  36, 282)  coste     7.900    7.900
(  36, 306)  coste     13.000    13.000
(  36, 440)  coste     12.100    12.100
(  37, 79)  coste     6.900    6.900
(  37, 123)  coste     6.900    6.900
(  37, 272)  coste     5.700    5.700
(  37, 277)  coste     7.400    7.400
(  37, 290)  coste     9.600    9.600
(  37, 333)  coste     3.400    3.400
(  37, 463)  coste     8.900    8.900
(  38, 67)  coste     4.000    4.000
(  38, 96)  coste     16.200    16.200
(  38, 200)  coste     4.500    4.500
(  38, 234)  coste     14.600    14.600
(  38, 325)  coste     5.800    5.800
(  38, 413)  coste     8.700    8.700
(  38, 462)  coste     5.000    5.000
(  39, 81)  coste     2.100    2.100
(  39, 273)  coste     13.600    13.600
(  39, 274)  coste     4.700    4.700
(  39, 291)  coste     4.700    4.700
(  39, 311)  coste     10.900    10.900
(  39, 360)  coste     6.400    6.400
(  39, 432)  coste     6.000    6.000
(  39, 443)  coste     12.500    12.500
(  39, 474)  coste     7.000    7.000
(  40, 69)  coste     9.200    9.200
(  40, 95)  coste     9.500    9.500
(  40, 121)  coste     8.900    8.900
(  40, 240)  coste     6.900    6.900
(  40, 360)  coste     9.200    9.200
(  40, 364)  coste     3.300    3.300
(  41, 89)  coste     7.300    7.300
(  41, 133)  coste     5.900    5.900
(  42, 52)  coste     5.800    5.800
(  42, 95)  coste     6.800    6.800
(  42, 119)  coste     9.500    9.500
(  42, 225)  coste     8.200    8.200
(  42, 269)  coste     5.300    5.300
(  42, 385)  coste     6.200    6.200
(  42, 410)  coste     8.400    8.400
(  42, 428)  coste     1.500    1.500
(  42, 429)  coste     4.800    4.800
(  42, 448)  coste     1.000    1.000
(  43, 73)  coste     7.700    7.700
(  43, 156)  coste     3.800    3.800
(  43, 264)  coste     9.600    9.600
(  43, 302)  coste     6.100    6.100
(  43, 350)  coste     10.400    10.400
(  43, 388)  coste     4.900    4.900
(  43, 430)  coste     2.700    2.700
(  43, 439)  coste     2.100    2.100
(  43, 442)  coste     5.300    5.300
(  43, 464)  coste     3.000    3.000
(  43, 498)  coste     6.000    6.000
(  44, 64)  coste     13.200    13.200
(  44, 117)  coste     1.100    1.100
(  44, 191)  coste     5.200    5.200
(  44, 414)  coste     6.000    6.000
(  44, 488)  coste     10.000    10.000
(  44, 492)  coste     7.000    7.000
(  45, 225)  coste     6.400    6.400
(  45, 296)  coste     14.100    14.100
(  45, 365)  coste     8.600    8.600
(  45, 408)  coste     1.600    1.600
(  45, 463)  coste     6.500    6.500
(  45, 479)  coste     5.600    5.600
(  46, 84)  coste     6.500    6.500
(  46, 104)  coste     5.600    5.600
(  46, 121)  coste     1.300    1.300
(  46, 142)  coste     7.700    7.700
(  46, 152)  coste     2.500    2.500
(  46, 162)  coste     4.900    4.900
(  46, 179)  coste     6.500    6.500
(  46, 247)  coste     3.200    3.200
(  46, 283)  coste     3.200    3.200
(  46, 328)  coste     6.200    6.200
(  46, 360)  coste     1.800    1.800
(  46, 476)  coste     8.700    8.700
(  46, 483)  coste     6.000    6.000
(  47, 104)  coste     7.900    7.900
(  47, 116)  coste     4.700    4.700
(  47, 121)  coste     13.400    13.400
(  47, 130)  coste     6.900    6.900
(  47, 249)  coste     5.200    5.200
(  47, 277)  coste     9.600    9.600
(  47, 397)  coste     2.100    2.100
(  47, 448)  coste     8.600    8.600
(  47, 452)  coste     6.900    6.900
(  47, 463)  coste     6.900    6.900
(  47, 464)  coste     11.200    11.200
(  48, 118)  coste     9.600    9.600
(  48, 133)  coste     8.300    8.300
(  48, 209)  coste     8.400    8.400
(  48, 213)  coste     0.700    0.700
(  48, 228)  coste     8.500    8.500
(  48, 236)  coste     8.400    8.400
(  48, 258)  coste     1.100    1.100
(  48, 282)  coste     16.100    16.100
(  48, 340)  coste     10.100    10.100
(  48, 446)  coste     7.200    7.200
(  48, 471)  coste     9.100    9.100
(  49, 194)  coste     8.300    8.300
(  49, 244)  coste     5.700    5.700
(  49, 344)  coste     5.500    5.500
(  49, 364)  coste     9.200    9.200
(  49, 422)  coste     2.500    2.500
(  50, 203)  coste     4.600    4.600
(  50, 290)  coste     12.500    12.500
(  51, 68)  coste     4.700    4.700
(  51, 144)  coste     4.500    4.500
(  51, 200)  coste     4.300    4.300
(  51, 428)  coste     9.600    9.600
(  51, 491)  coste     2.700    2.700
(  52, 148)  coste     2.000    2.000
(  52, 169)  coste     4.200    4.200
(  52, 234)  coste     11.100    11.100
(  52, 295)  coste     4.700    4.700
(  52, 300)  coste     6.900    6.900
(  52, 321)  coste     7.700    7.700
(  52, 436)  coste     11.400    11.400
(  52, 463)  coste     10.100    10.100
(  52, 491)  coste     12.600    12.600
(  53, 54)  coste     2.700    2.700
(  53, 77)  coste     7.600    7.600
(  53, 105)  coste     8.100    8.100
(  53, 203)  coste     5.100    5.100
(  53, 208)  coste     4.200    4.200
(  53, 228)  coste     7.000    7.000
(  53, 260)  coste     10.200    10.200
(  53, 351)  coste     9.200    9.200
(  53, 374)  coste     7.000    7.000
(  53, 407)  coste     8.000    8.000
(  54, 180)  coste     5.400    5.400
(  54, 198)  coste     5.000    5.000
(  54, 387)  coste     9.200    9.200
(  54, 409)  coste     2.100    2.100
(  54, 488)  coste     8.300    8.300
(  55, 57)  coste     13.300    13.300
(  55, 86)  coste     4.400    4.400
(  55, 213)  coste     9.300    9.300
(  55, 275)  coste     3.800    3.800
(  55, 306)  coste     14.800    14.800
(  55, 333)  coste     6.500    6.500
(  56, 80)  coste     3.700    3.700
(  56, 87)  coste     1.400    1.400
(  56, 122)  coste     2.200    2.200
(  56, 151)  coste     4.700    4.700
(  56, 152)  coste     8.000    8.000
(  56, 341)  coste     7.200    7.200
(  56, 412)  coste     8.100    8.100
(  57, 125)  coste     8.500    8.500
(  57, 338)  coste     7.700    7.700
(  57, 372)  coste     12.700    12.700
(  58, 185)  coste     4.300    4.300
(  58, 222)  coste     5.100    5.100
(  58, 251)  coste     8.600    8.600
(  58, 325)  coste     11.300    11.300
(  58, 391)  coste     9.200    9.200
(  58, 392)  coste     6.000    6.000
(  58, 427)  coste     9.800    9.800
(  58, 431)  coste     12.100    12.100
(  59, 160)  coste     9.300    9.300
(  59, 299)  coste     8.300    8.300
(  59, 351)  coste     6.100    6.100
(  59, 404)  coste     8.900    8.900
(  60, 114)  coste     9.000    9.000
(  60, 253)  coste     10.700    10.700
(  60, 373)  coste     8.200    8.200
(  60, 405)  coste     0.700    0.700
(  61, 109)  coste     7.000    7.000
(  61, 117)  coste     5.300    5.300
(  61, 124)  coste     14.300    14.300
(  61, 144)  coste     6.000    6.000
(  61, 263)  coste     6.900    6.900
(  61, 359)  coste     8.400    8.400
(  61, 484)  coste     6.000    6.000
(  62, 140)  coste     11.500    11.500
(  62, 156)  coste     10.700    10.700
(  62, 184)  coste     9.900    9.900
(  62, 391)  coste     10.100    10.100
(  62, 435)  coste     7.500    7.500
(  63, 147)  coste     5.000    5.000
(  63, 171)  coste     8.900    8.900
(  63, 178)  coste     3.900    3.900
(  63, 263)  coste     1.100    1.100
(  63, 317)  coste     5.800    5.800
(  63, 444)  coste     1.700    1.700
(  63, 472)  coste     6.100    6.100
(  63, 478)  coste     3.900    3.900
(  64, 109)  coste     11.600    11.600
(  64, 147)  coste     5.200    5.200
(  64, 186)  coste     12.600    12.600
(  64, 192)  coste     7.300    7.300
(  64, 291)  coste     3.000    3.000
(  64, 306)  coste     2.300    2.300
(  64, 358)  coste     3.800    3.800
(  64, 419)  coste     12.900    12.900
(  64, 481)  coste     8.500    8.500
(  65, 72)  coste     11.900    11.900
(  65, 155)  coste     3.700    3.700
(  65, 161)  coste     1.900    1.900
(  65, 170)  coste     2.800    2.800
(  65, 324)  coste     6.900    6.900
(  65, 397)  coste     12.200    12.200
(  65, 413)  coste     6.100    6.100
(  65, 465)  coste     6.000    6.000
(  65, 472)  coste     2.200    2.200
(  65, 495)  coste     11.600    11.600
(  66, 81)  coste     10.500    10.500
(  66, 284)  coste     7.800    7.800
(  66, 321)  coste     7.400    7.400
(  66, 349)  coste     10.100    10.100
(  67, 129)  coste     7.000    7.000
(  67, 149)  coste     12.100    12.100
(  67, 150)  coste     3.100    3.100
(  67, 205)  coste     8.500    8.500
(  67, 315)  coste     12.400    12.400
(  67, 338)  coste     7.600    7.600
(  67, 362)  coste     10.600    10.600
(  67, 394)  coste     8.600    8.600
(  67, 417)  coste     7.700    7.700
(  67, 438)  coste     7.500    7.500
(  68, 94)  coste     5.400    5.400
(  68, 105)  coste     3.900    3.900
(  68, 160)  coste     6.800    6.800
(  68, 176)  coste     6.800    6.800
(  68, 201)  coste     5.500    5.500
(  68, 205)  coste     2.600    2.600
(  68, 231)  coste     3.800    3.800
(  68, 308)  coste     5.900    5.900
(  68, 358)  coste     6.600    6.600
(  68, 386)  coste     5.900    5.900
(  69, 76)  coste     4.000    4.000
(  69, 146)  coste     2.700    2.700
(  69, 173)  coste     3.600    3.600
(  69, 306)  coste     6.000    6.000
(  70, 128)  coste     7.600    7.600
(  70, 285)  coste     4.100    4.100
(  70, 340)  coste     9.600    9.600
(  70, 372)  coste     7.300    7.300
(  71, 166)  coste     5.600    5.600
(  71, 197)  coste     3.500    3.500
(  71, 392)  coste     5.100    5.100
(  71, 398)  coste     8.100    8.100
(  71, 420)  coste     4.200    4.200
(  71, 468)  coste     6.200    6.200
(  72, 200)  coste     5.400    5.400
(  72, 220)  coste     11.300    11.300
(  72, 249)  coste     7.000    7.000
(  72, 265)  coste     6.200    6.200
(  72, 272)  coste     9.700    9.700
(  72, 296)  coste     1.100    1.100
(  72, 344)  coste     14.300    14.300
(  72, 356)  coste     6.400    6.400
(  72, 383)  coste     9.500    9.500
(  73, 121)  coste     11.900    11.900
(  73, 263)  coste     6.200    6.200
(  73, 325)  coste     10.800    10.800
(  74, 82)  coste     5.900    5.900
(  74, 99)  coste     3.800    3.800
(  74, 160)  coste     6.200    6.200
(  74, 167)  coste     8.600    8.600
(  74, 351)  coste     1.800    1.800
(  74, 437)  coste     7.000    7.000
(  74, 463)  coste     6.900    6.900
(  74, 469)  coste     2.400    2.400
(  74, 476)  coste     5.200    5.200
(  74, 492)  coste     4.400    4.400
(  75, 76)  coste     3.100    3.100
(  75, 130)  coste     5.500    5.500
(  75, 200)  coste     1.800    1.800
(  75, 259)  coste     9.700    9.700
(  75, 327)  coste     5.500    5.500
(  75, 372)  coste     6.100    6.100
(  75, 455)  coste     5.600    5.600
(  75, 494)  coste     11.000    11.000
(  76, 101)  coste     11.000    11.000
(  76, 114)  coste     3.700    3.700
(  76, 186)  coste     9.100    9.100
(  76, 208)  coste     4.500    4.500
(  76, 231)  coste     10.100    10.100
(  77, 109)  coste     9.400    9.400
(  77, 118)  coste     11.100    11.100
(  77, 261)  coste     11.900    11.900
(  77, 382)  coste     5.000    5.000
(  77, 400)  coste     3.600    3.600
(  77, 428)  coste     8.900    8.900
(  77, 444)  coste     6.700    6.700
(  77, 450)  coste     13.000    13.000
(  77, 459)  coste     7.400    7.400
(  77, 489)  coste     6.000    6.000
(  78, 97)  coste     4.000    4.000
(  78, 101)  coste     7.900    7.900
(  78, 258)  coste     0.800    0.800
(  78, 268)  coste     9.800    9.800
(  78, 353)  coste     6.900    6.900
(  78, 484)  coste     5.200    5.200
(  79, 150)  coste     7.100    7.100
(  79, 230)  coste     1.500    1.500
(  79, 259)  coste     3.200    3.200
(  79, 290)  coste     13.500    13.500
(  79, 348)  coste     3.800    3.800
(  79, 355)  coste     7.200    7.200
(  79, 386)  coste     13.800    13.800
(  79, 445)  coste     0.900    0.900
(  80, 176)  coste     1.500    1.500
(  80, 219)  coste     2.700    2.700
(  80, 234)  coste     12.800    12.800
(  80, 326)  coste     13.500    13.500
(  80, 384)  coste     5.400    5.400
(  80, 472)  coste     7.800    7.800
(  81, 185)  coste     2.900    2.900
(  81, 197)  coste     8.600    8.600
(  81, 213)  coste     12.200    12.200
(  81, 245)  coste     1.800    1.800
(  81, 278)  coste     5.000    5.000
(  81, 284)  coste     7.100    7.100
(  81, 348)  coste     5.100    5.100
(  81, 372)  coste     9.700    9.700
(  82, 96)  coste     0.800    0.800
(  82, 112)  coste     10.000    10.000
(  82, 176)  coste     12.100    12.100
(  82, 210)  coste     15.600    15.600
(  82, 320)  coste     9.900    9.900
(  82, 335)  coste     2.800    2.800
(  82, 448)  coste     5.900    5.900
(  82, 461)  coste     14.000    14.000
(  83, 133)  coste     6.000    6.000
(  83, 138)  coste     2.300    2.300
(  83, 172)  coste     1.600    1.600
(  83, 228)  coste     4.600    4.600
(  83, 250)  coste     5.700    5.700
(  83, 259)  coste     1.100    1.100
(  83, 284)  coste     4.100    4.100
(  83, 320)  coste     5.200    5.200
(  83, 321)  coste     5.500    5.500
(  83, 334)  coste     5.200    5.200
(  83, 346)  coste     5.800    5.800
(  83, 377)  coste     2.500    2.500
(  83, 441)  coste     2.100    2.100
(  84, 102)  coste     6.300    6.300
(  84, 233)  coste     2.700    2.700
(  84, 451)  coste     2.900    2.900
(  84, 452)  coste     2.700    2.700
(  84, 485)  coste     4.300    4.300
(  84, 498)  coste     8.600    8.600
(  85, 106)  coste     1.700    1.700
(  85, 126)  coste     5.000    5.000
(  85, 162)  coste     1.800    1.800
(  85, 379)  coste     3.800    3.800
(  86, 202)  coste     5.100    5.100
(  86, 205)  coste     4.300    4.300
(  86, 265)  coste     3.300    3.300
(  86, 313)  coste     6.000    6.000
(  86, 392)  coste     4.700    4.700
(  86, 465)  coste     6.200    6.200
(  87, 163)  coste     8.700    8.700
(  87, 190)  coste     4.000    4.000
(  87, 193)  coste     2.500    2.500
(  87, 373)  coste     8.400    8.400
(  87, 417)  coste     9.400    9.400
(  87, 430)  coste     8.900    8.900
(  88, 139)  coste     11.600    11.600
(  88, 334)  coste     12.000    12.000
(  88, 345)  coste     5.900    5.900
(  89, 121)  coste     12.000    12.000
(  89, 168)  coste     6.800    6.800
(  89, 332)  coste     1.700    1.700
(  89, 392)  coste     1.600    1.600
(  90, 103)  coste     12.100    12.100
(  90, 157)  coste     11.800    11.800
(  90, 177)  coste     6.100    6.100
(  90, 237)  coste     13.100    13.100
(  90, 358)  coste     10.600    10.600
(  90, 428)  coste     3.300    3.300
(  90, 475)  coste     5.200    5.200
(  90, 499)  coste     4.100    4.100
(  91, 211)  coste     1.700    1.700
(  91, 320)  coste     9.100    9.100
(  91, 451)  coste     10.400    10.400
(  91, 455)  coste     11.300    11.300
(  91, 456)  coste     3.700    3.700
(  91, 475)  coste     6.500    6.500
(  91, 499)  coste     6.000    6.000
(  92, 114)  coste     3.100    3.100
(  92, 162)  coste     5.700    5.700
(  92, 168)  coste     6.900    6.900
(  92, 192)  coste     5.200    5.200
(  92, 276)  coste     7.800    7.800
(  92, 388)  coste     7.800    7.800
(  92, 496)  coste     2.900    2.900
(  93, 156)  coste     10.300    10.300
(  93, 168)  coste     2.900    2.900
(  93, 307)  coste     5.300    5.300
(  93, 311)  coste     8.100    8.100
(  93, 313)  coste     3.600    3.600
(  93, 328)  coste     9.400    9.400
(  93, 338)  coste     4.800    4.800
(  93, 375)  coste     6.000    6.000
(  94, 103)  coste     8.300    8.300
(  94, 327)  coste     5.900    5.900
(  94, 392)  coste     6.400    6.400
(  94, 492)  coste     4.400    4.400
(  95, 459)  coste     7.000    7.000
(  95, 493)  coste     8.000    8.000
(  96, 213)  coste     9.300    9.300
(  96, 291)  coste     13.500    13.500
(  97, 176)  coste     7.000    7.000
(  97, 195)  coste     9.400    9.400
(  97, 213)  coste     4.400    4.400
(  97, 301)  coste     9.300    9.300
(  97, 320)  coste     4.800    4.800
(  97, 357)  coste     2.800    2.800
(  97, 365)  coste     8.200    8.200
(  97, 447)  coste     9.600    9.600
(  98, 106)  coste     8.700    8.700
(  98, 466)  coste     9.300    9.300
(  98, 479)  coste     6.600    6.600
(  99, 189)  coste     7.500    7.500
(  99, 238)  coste     15.400    15.400
(  99, 279)  coste     3.300    3.300
(  99, 295)  coste     5.500    5.500
(  99, 383)  coste     5.700    5.700
(  99, 387)  coste     14.300    14.300
(  99, 447)  coste     12.600    12.600
(  100, 235)  coste     8.800    8.800
(  100, 251)  coste     7.400    7.400
(  100, 252)  coste     10.200    10.200
(  100, 284)  coste     4.900    4.900
(  100, 365)  coste     1.400    1.400
(  100, 379)  coste     4.400    4.400
(  100, 423)  coste     4.600    4.600
(  100, 468)  coste     3.900    3.900
(  101, 102)  coste     6.800    6.800
(  101, 166)  coste     5.800    5.800
(  101, 210)  coste     14.400    14.400
(  101, 247)  coste     3.200    3.200
(  101, 288)  coste     10.800    10.800
(  101, 308)  coste     8.800    8.800
(  102, 171)  coste     8.800    8.800
(  102, 178)  coste     3.800    3.800
(  102, 317)  coste     7.700    7.700
(  102, 321)  coste     8.200    8.200
(  102, 488)  coste     4.500    4.500
(  103, 141)  coste     9.200    9.200
(  103, 144)  coste     10.300    10.300
(  103, 186)  coste     10.300    10.300
(  103, 262)  coste     4.100    4.100
(  103, 346)  coste     9.500    9.500
(  103, 369)  coste     9.800    9.800
(  103, 412)  coste     8.400    8.400
(  104, 131)  coste     11.600    11.600
(  104, 175)  coste     10.700    10.700
(  104, 339)  coste     10.800    10.800
(  104, 343)  coste     8.800    8.800
(  104, 372)  coste     12.200    12.200
(  104, 437)  coste     2.700    2.700
(  104, 443)  coste     14.900    14.900
(  105, 358)  coste     2.700    2.700
(  105, 474)  coste     6.200    6.200
(  106, 190)  coste     3.500    3.500
(  106, 247)  coste     8.200    8.200
(  106, 355)  coste     3.800    3.800
(  106, 372)  coste     12.600    12.600
(  106, 375)  coste     7.400    7.400
(  106, 380)  coste     11.000    11.000
(  106, 449)  coste     1.800    1.800
(  106, 481)  coste     3.400    3.400
(  107, 120)  coste     6.300    6.300
(  107, 221)  coste     9.600    9.600
(  107, 249)  coste     9.200    9.200
(  107, 323)  coste     8.600    8.600
(  107, 376)  coste     12.500    12.500
(  107, 385)  coste     0.600    0.600
(  107, 450)  coste     12.200    12.200
(  107, 451)  coste     1.500    1.500
(  107, 462)  coste     3.500    3.500
(  107, 469)  coste     9.200    9.200
(  108, 240)  coste     5.800    5.800
(  108, 346)  coste     8.600    8.600
(  108, 408)  coste     10.800    10.800
(  109, 135)  coste     1.900    1.900
(  109, 208)  coste     4.800    4.800
(  109, 225)  coste     5.400    5.400
(  109, 232)  coste     3.400    3.400
(  109, 238)  coste     13.400    13.400
(  109, 335)  coste     1.300    1.300
(  109, 500)  coste     2.100    2.100
(  110, 209)  coste     13.500    13.500
(  110, 335)  coste     0.900    0.900
(  110, 488)  coste     8.800    8.800
(  111, 213)  coste     10.000    10.000
(  111, 311)  coste     7.000    7.000
(  111, 490)  coste     11.500    11.500
(  112, 196)  coste     12.300    12.300
(  112, 255)  coste     12.200    12.200
(  112, 271)  coste     12.900    12.900
(  112, 300)  coste     6.600    6.600
(  112, 302)  coste     9.600    9.600
(  112, 399)  coste     9.200    9.200
(  113, 179)  coste     12.500    12.500
(  113, 313)  coste     2.600    2.600
(  113, 340)  coste     11.100    11.100
(  113, 400)  coste     7.100    7.100
(  113, 405)  coste     12.000    12.000
(  113, 412)  coste     6.800    6.800
(  113, 444)  coste     2.200    2.200
(  113, 485)  coste     8.600    8.600
(  114, 134)  coste     7.000    7.000
(  114, 307)  coste     4.800    4.800
(  115, 127)  coste     9.400    9.400
(  115, 181)  coste     5.200    5.200
(  115, 190)  coste     9.800    9.800
(  115, 199)  coste     7.700    7.700
(  116, 155)  coste     10.700    10.700
(  116, 206)  coste     4.600    4.600
(  116, 294)  coste     11.200    11.200
(  116, 492)  coste     1.900    1.900
(  117, 166)  coste     5.200    5.200
(  117, 251)  coste     7.900    7.900
(  117, 296)  coste     13.800    13.800
(  117, 300)  coste     1.400    1.400
(  117, 483)  coste     7.800    7.800
(  118, 139)  coste     5.900    5.900
(  118, 235)  coste     0.700    0.700
(  118, 375)  coste     7.000    7.000
(  118, 404)  coste     11.100    11.100
(  118, 446)  coste     8.800    8.800
(  118, 457)  coste     11.100    11.100
(  119, 193)  coste     14.000    14.000
(  119, 218)  coste     8.000    8.000
(  119, 325)  coste     2.400    2.400
(  119, 388)  coste     0.200    0.200
(  119, 402)  coste     2.500    2.500
(  119, 431)  coste     3.800    3.800
(  119, 445)  coste     13.100    13.100
(  120, 121)  coste     8.500    8.500
(  120, 148)  coste     7.300    7.300
(  120, 168)  coste     3.500    3.500
(  120, 184)  coste     10.700    10.700
(  120, 245)  coste     8.100    8.100
(  120, 379)  coste     8.900    8.900
(  121, 174)  coste     13.000    13.000
(  121, 198)  coste     11.100    11.100
(  121, 279)  coste     8.500    8.500
(  121, 316)  coste     5.100    5.100
(  122, 294)  coste     6.500    6.500
(  122, 320)  coste     0.800    0.800
(  122, 322)  coste     3.600    3.600
(  122, 385)  coste     3.600    3.600
(  122, 398)  coste     5.400    5.400
(  122, 418)  coste     5.000    5.000
(  123, 197)  coste     5.700    5.700
(  123, 263)  coste     3.400    3.400
(  123, 308)  coste     8.800    8.800
(  123, 341)  coste     14.100    14.100
(  123, 436)  coste     8.300    8.300
(  123, 474)  coste     6.600    6.600
(  123, 480)  coste     4.000    4.000
(  124, 130)  coste     4.000    4.000
(  124, 170)  coste     6.600    6.600
(  124, 198)  coste     5.000    5.000
(  124, 221)  coste     7.100    7.100
(  124, 354)  coste     6.100    6.100
(  124, 371)  coste     11.000    11.000
(  124, 379)  coste     3.100    3.100
(  124, 405)  coste     7.400    7.400
(  124, 421)  coste     3.200    3.200
(  124, 422)  coste     2.800    2.800
(  124, 475)  coste     10.300    10.300
(  125, 176)  coste     11.700    11.700
(  125, 189)  coste     5.200    5.200
(  125, 241)  coste     11.000    11.000
(  125, 259)  coste     3.400    3.400
(  125, 278)  coste     0.700    0.700
(  126, 161)  coste     2.600    2.600
(  126, 168)  coste     10.000    10.000
(  126, 193)  coste     5.900    5.900
(  126, 239)  coste     2.600    2.600
(  126, 244)  coste     7.500    7.500
(  126, 250)  coste     11.300    11.300
(  126, 376)  coste     5.500    5.500
(  126, 486)  coste     5.700    5.700
(  127, 186)  coste     10.000    10.000
(  127, 212)  coste     2.900    2.900
(  127, 216)  coste     8.100    8.100
(  127, 220)  coste     8.100    8.100
(  127, 235)  coste     11.400    11.400
(  127, 245)  coste     2.400    2.400
(  127, 256)  coste     6.700    6.700
(  128, 144)  coste     6.800    6.800
(  128, 279)  coste     10.500    10.500
(  128, 365)  coste     9.200    9.200
(  128, 427)  coste     8.000    8.000
(  128, 437)  coste     2.600    2.600
(  129, 234)  coste     7.800    7.800
(  129, 299)  coste     7.300    7.300
(  129, 430)  coste     3.000    3.000
(  129, 444)  coste     3.000    3.000
(  129, 471)  coste     7.700    7.700
(  130, 271)  coste     4.500    4.500
(  130, 309)  coste     0.600    0.600
(  130, 427)  coste     5.500    5.500
(  130, 434)  coste     1.500    1.500
(  130, 500)  coste     2.400    2.400
(  131, 321)  coste     4.400    4.400
(  131, 342)  coste     1.100    1.100
(  131, 447)  coste     6.900    6.900
(  131, 467)  coste     7.900    7.900
(  131, 490)  coste     4.600    4.600
(  132, 162)  coste     8.600    8.600
(  132, 190)  coste     7.800    7.800
(  132, 276)  coste     4.900    4.900
(  132, 350)  coste     10.400    10.400
(  132, 374)  coste     10.600    10.600
(  132, 426)  coste     10.600    10.600
(  132, 440)  coste     4.200    4.200
(  132, 493)  coste     7.200    7.200
(  133, 153)  coste     7.400    7.400
(  133, 165)  coste     7.900    7.900
(  133, 315)  coste     4.700    4.700
(  133, 317)  coste     0.400    0.400
(  133, 318)  coste     7.200    7.200
(  133, 358)  coste     8.200    8.200
(  133, 400)  coste     6.200    6.200
(  134, 172)  coste     11.200    11.200
(  134, 255)  coste     8.300    8.300
(  134, 290)  coste     3.600    3.600
(  134, 328)  coste     9.700    9.700
(  134, 329)  coste     6.200    6.200
(  134, 445)  coste     9.600    9.600
(  134, 463)  coste     5.100    5.100
(  135, 254)  coste     10.000    10.000
(  135, 314)  coste     4.800    4.800
(  135, 337)  coste     3.300    3.300
(  135, 376)  coste     11.600    11.600
(  135, 392)  coste     8.700    8.700
(  135, 442)  coste     8.600    8.600
(  135, 495)  coste     13.200    13.200
(  136, 288)  coste     10.900    10.900
(  136, 354)  coste     7.400    7.400
(  136, 361)  coste     5.100    5.100
(  136, 375)  coste     3.500    3.500
(  136, 406)  coste     7.400    7.400
(  136, 423)  coste     2.000    2.000
(  137, 175)  coste     4.700    4.700
(  137, 198)  coste     11.800    11.800
(  138, 375)  coste     6.400    6.400
(  138, 394)  coste     1.600    1.600
(  138, 428)  coste     4.400    4.400
(  139, 166)  coste     3.900    3.900
(  139, 176)  coste     7.200    7.200
(  139, 206)  coste     5.700    5.700
(  139, 242)  coste     7.300    7.300
(  139, 285)  coste     1.900    1.900
(  139, 319)  coste     12.900    12.900
(  139, 469)  coste     3.600    3.600
(  140, 206)  coste     8.900    8.900
(  140, 257)  coste     12.100    12.100
(  140, 407)  coste     9.000    9.000
(  141, 217)  coste     3.500    3.500
(  141, 236)  coste     13.000    13.000
(  141, 292)  coste     8.200    8.200
(  141, 315)  coste     6.400    6.400
(  141, 322)  coste     7.300    7.300
(  141, 338)  coste     7.600    7.600
(  141, 363)  coste     3.200    3.200
(  141, 379)  coste     1.900    1.900
(  141, 380)  coste     5.800    5.800
(  141, 497)  coste     3.700    3.700
(  142, 161)  coste     3.800    3.800
(  142, 186)  coste     7.000    7.000
(  142, 310)  coste     4.100    4.100
(  143, 222)  coste     7.400    7.400
(  143, 312)  coste     5.900    5.900
(  143, 344)  coste     3.800    3.800
(  143, 348)  coste     1.800    1.800
(  143, 447)  coste     8.900    8.900
(  143, 489)  coste     6.300    6.300
(  144, 163)  coste     5.900    5.900
(  144, 267)  coste     2.700    2.700
(  144, 285)  coste     3.100    3.100
(  144, 289)  coste     6.500    6.500
(  144, 310)  coste     11.100    11.100
(  144, 344)  coste     5.100    5.100
(  144, 354)  coste     10.200    10.200
(  144, 390)  coste     6.900    6.900
(  145, 197)  coste     2.700    2.700
(  145, 235)  coste     5.100    5.100
(  145, 259)  coste     4.000    4.000
(  145, 395)  coste     6.600    6.600
(  145, 427)  coste     5.700    5.700
(  146, 150)  coste     4.600    4.600
(  146, 181)  coste     8.600    8.600
(  146, 392)  coste     6.200    6.200
(  146, 419)  coste     9.100    9.100
(  146, 465)  coste     0.900    0.900
(  147, 188)  coste     5.600    5.600
(  147, 190)  coste     6.400    6.400
(  147, 306)  coste     3.100    3.100
(  147, 329)  coste     7.400    7.400
(  147, 455)  coste     12.400    12.400
(  148, 155)  coste     12.600    12.600
(  148, 301)  coste     1.100    1.100
(  148, 385)  coste     4.800    4.800
(  148, 431)  coste     8.100    8.100
(  148, 472)  coste     7.500    7.500
(  148, 499)  coste     8.700    8.700
(  149, 177)  coste     3.900    3.900
(  149, 182)  coste     5.300    5.300
(  149, 288)  coste     5.700    5.700
(  149, 317)  coste     2.400    2.400
(  149, 449)  coste     4.100    4.100
(  150, 255)  coste     2.900    2.900
(  150, 358)  coste     2.600    2.600
(  150, 384)  coste     2.900    2.900
(  150, 386)  coste     8.700    8.700
(  150, 500)  coste     7.300    7.300
(  151, 153)  coste     0.900    0.900
(  151, 159)  coste     1.500    1.500
(  151, 247)  coste     6.600    6.600
(  151, 275)  coste     9.000    9.000
(  151, 293)  coste     10.000    10.000
(  152, 164)  coste     11.200    11.200
(  152, 290)  coste     13.200    13.200
(  152, 306)  coste     12.300    12.300
(  152, 307)  coste     8.000    8.000
(  152, 308)  coste     5.100    5.100
(  152, 316)  coste     1.300    1.300
(  152, 350)  coste     5.000    5.000
(  152, 497)  coste     7.400    7.400
(  153, 180)  coste     8.300    8.300
(  153, 192)  coste     12.900    12.900
(  153, 204)  coste     2.100    2.100
(  153, 289)  coste     6.300    6.300
(  153, 365)  coste     3.400    3.400
(  153, 376)  coste     0.700    0.700
(  153, 393)  coste     11.600    11.600
(  153, 408)  coste     7.600    7.600
(  154, 177)  coste     4.300    4.300
(  154, 265)  coste     6.600    6.600
(  154, 305)  coste     4.200    4.200
(  154, 340)  coste     2.800    2.800
(  154, 358)  coste     8.400    8.400
(  154, 463)  coste     6.900    6.900
(  155, 174)  coste     13.400    13.400
(  155, 181)  coste     13.400    13.400
(  155, 183)  coste     11.700    11.700
(  155, 221)  coste     2.400    2.400
(  155, 235)  coste     3.200    3.200
(  155, 364)  coste     4.800    4.800
(  155, 440)  coste     15.600    15.600
(  156, 320)  coste     7.400    7.400
(  156, 395)  coste     6.700    6.700
(  156, 422)  coste     7.500    7.500
(  157, 191)  coste     6.600    6.600
(  157, 343)  coste     4.100    4.100
(  157, 349)  coste     9.400    9.400
(  157, 355)  coste     2.100    2.100
(  157, 357)  coste     6.400    6.400
(  157, 421)  coste     9.100    9.100
(  157, 489)  coste     5.600    5.600
(  158, 228)  coste     2.900    2.900
(  158, 251)  coste     5.300    5.300
(  158, 390)  coste     11.200    11.200
(  158, 392)  coste     2.700    2.700
(  159, 222)  coste     5.300    5.300
(  159, 295)  coste     6.900    6.900
(  159, 467)  coste     1.400    1.400
(  159, 493)  coste     7.000    7.000
(  160, 178)  coste     0.700    0.700
(  160, 386)  coste     3.900    3.900
(  161, 163)  coste     5.700    5.700
(  161, 327)  coste     4.700    4.700
(  161, 356)  coste     3.600    3.600
(  161, 391)  coste     3.400    3.400
(  161, 469)  coste     2.800    2.800
(  161, 491)  coste     9.800    9.800
(  162, 172)  coste     1.200    1.200
(  162, 205)  coste     10.200    10.200
(  162, 216)  coste     7.100    7.100
(  162, 295)  coste     7.100    7.100
(  162, 328)  coste     8.500    8.500
(  162, 332)  coste     7.500    7.500
(  162, 335)  coste     6.700    6.700
(  162, 380)  coste     8.300    8.300
(  162, 401)  coste     2.800    2.800
(  162, 434)  coste     3.800    3.800
(  163, 167)  coste     3.300    3.300
(  163, 255)  coste     9.000    9.000
(  163, 256)  coste     3.000    3.000
(  163, 419)  coste     6.200    6.200
(  164, 199)  coste     8.300    8.300
(  164, 232)  coste     2.000    2.000
(  164, 296)  coste     11.300    11.300
(  164, 302)  coste     6.700    6.700
(  164, 406)  coste     10.400    10.400
(  165, 173)  coste     6.400    6.400
(  165, 329)  coste     12.300    12.300
(  165, 498)  coste     8.900    8.900
(  166, 362)  coste     5.200    5.200
(  167, 188)  coste     8.800    8.800
(  167, 332)  coste     6.700    6.700
(  167, 407)  coste     8.000    8.000
(  167, 477)  coste     9.600    9.600
(  168, 170)  coste     7.700    7.700
(  168, 191)  coste     9.600    9.600
(  168, 296)  coste     7.500    7.500
(  168, 360)  coste     9.700    9.700
(  168, 492)  coste     11.400    11.400
(  169, 218)  coste     5.700    5.700
(  169, 320)  coste     2.200    2.200
(  169, 336)  coste     5.300    5.300
(  169, 417)  coste     8.000    8.000
(  169, 461)  coste     6.300    6.300
(  170, 290)  coste     7.300    7.300
(  171, 344)  coste     1.400    1.400
(  171, 463)  coste     8.200    8.200
(  172, 194)  coste     7.300    7.300
(  172, 244)  coste     8.700    8.700
(  172, 304)  coste     11.200    11.200
(  172, 499)  coste     10.500    10.500
(  173, 194)  coste     8.200    8.200
(  173, 198)  coste     4.600    4.600
(  173, 268)  coste     3.100    3.100
(  173, 297)  coste     9.400    9.400
(  173, 317)  coste     3.500    3.500
(  173, 396)  coste     6.400    6.400
(  173, 491)  coste     11.100    11.100
(  174, 284)  coste     8.500    8.500
(  174, 419)  coste     11.300    11.300
(  174, 484)  coste     2.000    2.000
(  175, 252)  coste     7.000    7.000
(  175, 454)  coste     10.100    10.100
(  175, 470)  coste     6.200    6.200
(  175, 472)  coste     7.100    7.100
(  176, 217)  coste     8.000    8.000
(  176, 244)  coste     0.500    0.500
(  176, 246)  coste     3.600    3.600
(  176, 267)  coste     6.300    6.300
(  176, 288)  coste     10.500    10.500
(  176, 330)  coste     3.100    3.100
(  176, 376)  coste     10.500    10.500
(  176, 445)  coste     7.200    7.200
(  176, 457)  coste     1.400    1.400
(  177, 242)  coste     4.800    4.800
(  177, 467)  coste     2.900    2.900
(  178, 219)  coste     1.300    1.300
(  178, 491)  coste     3.900    3.900
(  178, 493)  coste     6.900    6.900
(  179, 235)  coste     7.200    7.200
(  179, 284)  coste     5.900    5.900
(  179, 362)  coste     10.100    10.100
(  179, 370)  coste     9.900    9.900
(  179, 461)  coste     11.100    11.100
(  180, 195)  coste     6.100    6.100
(  180, 233)  coste     2.000    2.000
(  180, 271)  coste     5.100    5.100
(  180, 397)  coste     11.200    11.200
(  180, 410)  coste     9.100    9.100
(  180, 428)  coste     3.600    3.600
(  180, 430)  coste     4.800    4.800
(  180, 436)  coste     4.900    4.900
(  180, 456)  coste     1.100    1.100
(  181, 248)  coste     6.800    6.800
(  181, 379)  coste     8.000    8.000
(  181, 406)  coste     8.000    8.000
(  182, 267)  coste     3.800    3.800
(  182, 341)  coste     11.900    11.900
(  182, 379)  coste     5.500    5.500
(  182, 420)  coste     0.600    0.600
(  182, 424)  coste     12.000    12.000
(  182, 482)  coste     8.600    8.600
(  183, 309)  coste     5.400    5.400
(  183, 310)  coste     4.200    4.200
(  183, 419)  coste     9.600    9.600
(  183, 420)  coste     10.200    10.200
(  183, 451)  coste     3.800    3.800
(  183, 462)  coste     2.000    2.000
(  183, 472)  coste     6.600    6.600
(  184, 218)  coste     4.700    4.700
(  184, 244)  coste     8.300    8.300
(  184, 299)  coste     9.600    9.600
(  184, 342)  coste     9.400    9.400
(  184, 422)  coste     6.700    6.700
(  184, 441)  coste     6.300    6.300
(  184, 477)  coste     3.600    3.600
(  185, 188)  coste     1.900    1.900
(  185, 198)  coste     4.000    4.000
(  185, 299)  coste     3.900    3.900
(  185, 391)  coste     7.300    7.300
(  185, 396)  coste     7.200    7.200
(  185, 423)  coste     1.500    1.500
(  185, 441)  coste     6.200    6.200
(  186, 198)  coste     9.100    9.100
(  186, 250)  coste     12.300    12.300
(  186, 297)  coste     13.900    13.900
(  186, 332)  coste     9.300    9.300
(  186, 364)  coste     8.600    8.600
(  186, 375)  coste     6.300    6.300
(  186, 428)  coste     1.500    1.500
(  187, 201)  coste     6.100    6.100
(  187, 220)  coste     0.900    0.900
(  187, 268)  coste     4.800    4.800
(  187, 294)  coste     3.900    3.900
(  187, 295)  coste     3.500    3.500
(  187, 380)  coste     5.900    5.900
(  188, 257)  coste     5.300    5.300
(  188, 277)  coste     3.600    3.600
(  188, 334)  coste     4.000    4.000
(  189, 201)  coste     0.800    0.800
(  189, 228)  coste     3.900    3.900
(  189, 239)  coste     3.900    3.900
(  189, 383)  coste     1.800    1.800
(  189, 408)  coste     4.900    4.900
(  190, 208)  coste     1.600    1.600
(  190, 238)  coste     9.800    9.800
(  190, 293)  coste     8.100    8.100
(  191, 314)  coste     3.500    3.500
(  191, 410)  coste     8.000    8.000
(  191, 435)  coste     0.800    0.800
(  191, 439)  coste     6.300    6.300
(  191, 466)  coste     8.100    8.100
(  192, 196)  coste     9.100    9.100
(  192, 346)  coste     6.100    6.100
(  192, 379)  coste     8.100    8.100
(  192, 499)  coste     3.800    3.800
(  193, 271)  coste     6.900    6.900
(  193, 382)  coste     5.500    5.500
(  194, 230)  coste     9.700    9.700
(  194, 242)  coste     3.600    3.600
(  194, 257)  coste     2.000    2.000
(  194, 291)  coste     3.100    3.100
(  194, 327)  coste     4.800    4.800
(  194, 475)  coste     9.300    9.300
(  195, 324)  coste     8.600    8.600
(  195, 420)  coste     8.100    8.100
(  195, 448)  coste     5.000    5.000
(  195, 489)  coste     3.200    3.200
(  195, 495)  coste     7.300    7.300
(  196, 223)  coste     1.200    1.200
(  196, 391)  coste     5.000    5.000
(  196, 429)  coste     7.200    7.200
(  196, 451)  coste     7.900    7.900
(  197, 267)  coste     2.100    2.100
(  197, 410)  coste     10.400    10.400
(  197, 483)  coste     4.300    4.300
(  198, 214)  coste     3.700    3.700
(  198, 235)  coste     10.500    10.500
(  198, 359)  coste     4.900    4.900
(  198, 397)  coste     4.600    4.600
(  199, 352)  coste     3.000    3.000
(  199, 435)  coste     3.300    3.300
(  199, 485)  coste     8.800    8.800
(  201, 230)  coste     3.900    3.900
(  201, 233)  coste     2.200    2.200
(  201, 262)  coste     5.100    5.100
(  201, 328)  coste     6.400    6.400
(  201, 363)  coste     4.400    4.400
(  201, 376)  coste     4.800    4.800
(  201, 409)  coste     3.300    3.300
(  201, 426)  coste     6.700    6.700
(  202, 209)  coste     5.500    5.500
(  202, 235)  coste     10.000    10.000
(  202, 258)  coste     12.800    12.800
(  202, 423)  coste     5.400    5.400
(  203, 233)  coste     1.600    1.600
(  203, 245)  coste     9.300    9.300
(  203, 384)  coste     6.800    6.800
(  203, 439)  coste     6.000    6.000
(  203, 452)  coste     6.200    6.200
(  204, 287)  coste     11.000    11.000
(  204, 288)  coste     2.800    2.800
(  204, 418)  coste     10.500    10.500
(  205, 236)  coste     10.100    10.100
(  205, 312)  coste     5.600    5.600
(  205, 331)  coste     6.100    6.100
(  205, 409)  coste     11.400    11.400
(  206, 302)  coste     1.800    1.800
(  206, 310)  coste     3.800    3.800
(  206, 342)  coste     4.900    4.900
(  206, 424)  coste     3.400    3.400
(  207, 230)  coste     8.600    8.600
(  208, 212)  coste     5.100    5.100
(  208, 318)  coste     10.200    10.200
(  208, 419)  coste     6.900    6.900
(  208, 437)  coste     3.800    3.800
(  208, 467)  coste     1.400    1.400
(  209, 210)  coste     1.800    1.800
(  209, 261)  coste     15.600    15.600
(  209, 262)  coste     7.900    7.900
(  209, 302)  coste     4.800    4.800
(  209, 379)  coste     11.100    11.100
(  210, 356)  coste     5.700    5.700
(  210, 479)  coste     6.700    6.700
(  211, 278)  coste     6.200    6.200
(  211, 288)  coste     6.700    6.700
(  211, 301)  coste     11.900    11.900
(  211, 311)  coste     8.000    8.000
(  211, 353)  coste     10.300    10.300
(  211, 409)  coste     5.000    5.000
(  211, 475)  coste     7.000    7.000
(  212, 229)  coste     14.000    14.000
(  212, 264)  coste     3.700    3.700
(  212, 311)  coste     9.300    9.300
(  212, 312)  coste     2.300    2.300
(  212, 314)  coste     11.000    11.000
(  212, 421)  coste     10.000    10.000
(  212, 470)  coste     4.700    4.700
(  212, 482)  coste     3.400    3.400
(  213, 270)  coste     4.600    4.600
(  213, 273)  coste     1.300    1.300
(  213, 390)  coste     0.900    0.900
(  213, 474)  coste     7.300    7.300
(  214, 229)  coste     15.900    15.900
(  214, 300)  coste     10.900    10.900
(  214, 301)  coste     1.500    1.500
(  214, 493)  coste     11.000    11.000
(  215, 325)  coste     8.500    8.500
(  215, 377)  coste     5.100    5.100
(  215, 465)  coste     4.100    4.100
(  216, 233)  coste     2.800    2.800
(  216, 327)  coste     6.000    6.000
(  216, 415)  coste     5.300    5.300
(  216, 497)  coste     4.100    4.100
(  217, 234)  coste     3.300    3.300
(  217, 326)  coste     4.000    4.000
(  217, 364)  coste     4.000    4.000
(  217, 392)  coste     7.400    7.400
(  217, 426)  coste     2.600    2.600
(  217, 436)  coste     3.600    3.600
(  218, 391)  coste     3.900    3.900
(  218, 394)  coste     8.200    8.200
(  218, 445)  coste     5.100    5.100
(  218, 453)  coste     4.400    4.400
(  218, 475)  coste     4.500    4.500
(  219, 389)  coste     4.800    4.800
(  219, 454)  coste     11.700    11.700
(  220, 337)  coste     1.300    1.300
(  220, 356)  coste     4.900    4.900
(  220, 398)  coste     8.900    8.900
(  221, 408)  coste     1.400    1.400
(  221, 410)  coste     11.400    11.400
(  221, 411)  coste     14.100    14.100
(  221, 416)  coste     12.600    12.600
(  221, 490)  coste     9.300    9.300
(  222, 449)  coste     6.400    6.400
(  222, 481)  coste     6.000    6.000
(  223, 244)  coste     4.700    4.700
(  223, 251)  coste     6.000    6.000
(  223, 280)  coste     3.800    3.800
(  223, 369)  coste     4.500    4.500
(  223, 420)  coste     5.900    5.900
(  224, 324)  coste     9.000    9.000
(  224, 413)  coste     9.800    9.800
(  224, 497)  coste     9.400    9.400
(  225, 253)  coste     3.300    3.300
(  225, 274)  coste     7.600    7.600
(  225, 289)  coste     10.900    10.900
(  225, 358)  coste     5.000    5.000
(  225, 359)  coste     6.800    6.800
(  225, 397)  coste     9.700    9.700
(  225, 411)  coste     10.300    10.300
(  225, 468)  coste     6.900    6.900
(  225, 490)  coste     5.500    5.500
(  226, 273)  coste     5.900    5.900
(  226, 328)  coste     11.900    11.900
(  226, 435)  coste     9.600    9.600
(  227, 365)  coste     6.400    6.400
(  227, 423)  coste     5.800    5.800
(  227, 443)  coste     5.200    5.200
(  228, 230)  coste     7.000    7.000
(  228, 362)  coste     3.500    3.500
(  228, 390)  coste     9.700    9.700
(  228, 474)  coste     9.300    9.300
(  229, 396)  coste     8.600    8.600
(  229, 408)  coste     1.700    1.700
(  229, 448)  coste     5.900    5.900
(  230, 278)  coste     2.200    2.200
(  230, 303)  coste     15.100    15.100
(  231, 245)  coste     11.800    11.800
(  231, 254)  coste     10.700    10.700
(  232, 318)  coste     3.400    3.400
(  232, 468)  coste     8.500    8.500
(  232, 496)  coste     7.600    7.600
(  233, 372)  coste     5.600    5.600
(  233, 478)  coste     3.000    3.000
(  234, 235)  coste     0.900    0.900
(  234, 251)  coste     10.700    10.700
(  234, 253)  coste     9.400    9.400
(  234, 283)  coste     2.600    2.600
(  234, 397)  coste     15.800    15.800
(  235, 242)  coste     10.500    10.500
(  235, 258)  coste     10.000    10.000
(  235, 293)  coste     5.300    5.300
(  235, 338)  coste     7.700    7.700
(  235, 345)  coste     8.900    8.900
(  235, 360)  coste     2.500    2.500
(  235, 380)  coste     8.300    8.300
(  235, 434)  coste     7.400    7.400
(  235, 447)  coste     13.000    13.000
(  235, 466)  coste     9.900    9.900
(  236, 284)  coste     11.600    11.600
(  236, 300)  coste     12.200    12.200
(  236, 376)  coste     9.200    9.200
(  236, 398)  coste     11.700    11.700
(  236, 477)  coste     12.500    12.500
(  237, 329)  coste     7.500    7.500
(  237, 368)  coste     3.100    3.100
(  237, 446)  coste     3.200    3.200
(  238, 257)  coste     3.700    3.700
(  238, 269)  coste     6.500    6.500
(  238, 283)  coste     14.100    14.100
(  238, 358)  coste     5.600    5.600
(  238, 397)  coste     0.900    0.900
(  238, 419)  coste     14.700    14.700
(  238, 480)  coste     11.500    11.500
(  239, 296)  coste     14.100    14.100
(  239, 327)  coste     7.700    7.700
(  239, 333)  coste     5.600    5.600
(  239, 383)  coste     3.500    3.500
(  240, 250)  coste     8.700    8.700
(  240, 389)  coste     9.600    9.600
(  240, 395)  coste     4.900    4.900
(  240, 478)  coste     2.500    2.500
(  241, 383)  coste     6.000    6.000
(  242, 269)  coste     5.200    5.200
(  242, 301)  coste     2.200    2.200
(  242, 386)  coste     9.200    9.200
(  242, 437)  coste     6.900    6.900
(  242, 461)  coste     5.400    5.400
(  243, 315)  coste     5.200    5.200
(  243, 473)  coste     8.000    8.000
(  243, 474)  coste     7.000    7.000
(  244, 329)  coste     4.700    4.700
(  244, 331)  coste     3.600    3.600
(  244, 337)  coste     5.500    5.500
(  244, 424)  coste     4.800    4.800
(  244, 425)  coste     9.100    9.100
(  244, 427)  coste     9.100    9.100
(  245, 267)  coste     8.100    8.100
(  245, 296)  coste     3.500    3.500
(  245, 307)  coste     6.400    6.400
(  245, 342)  coste     6.800    6.800
(  245, 354)  coste     2.800    2.800
(  245, 384)  coste     2.500    2.500
(  245, 445)  coste     9.000    9.000
(  246, 290)  coste     9.000    9.000
(  246, 340)  coste     14.600    14.600
(  246, 432)  coste     8.500    8.500
(  246, 478)  coste     6.100    6.100
(  247, 316)  coste     4.600    4.600
(  248, 290)  coste     8.000    8.000
(  248, 330)  coste     5.300    5.300
(  248, 447)  coste     7.400    7.400
(  249, 280)  coste     2.600    2.600
(  249, 309)  coste     3.300    3.300
(  249, 325)  coste     11.100    11.100
(  249, 360)  coste     5.100    5.100
(  249, 380)  coste     7.700    7.700
(  249, 394)  coste     3.100    3.100
(  250, 411)  coste     2.000    2.000
(  250, 478)  coste     6.200    6.200
(  251, 262)  coste     2.200    2.200
(  251, 275)  coste     5.300    5.300
(  251, 326)  coste     11.400    11.400
(  251, 389)  coste     5.800    5.800
(  252, 342)  coste     2.800    2.800
(  252, 353)  coste     5.500    5.500
(  252, 370)  coste     3.300    3.300
(  252, 385)  coste     2.600    2.600
(  252, 471)  coste     7.200    7.200
(  253, 267)  coste     4.400    4.400
(  253, 294)  coste     5.400    5.400
(  253, 434)  coste     6.900    6.900
(  253, 500)  coste     5.800    5.800
(  254, 286)  coste     3.800    3.800
(  254, 381)  coste     5.600    5.600
(  254, 402)  coste     5.300    5.300
(  254, 411)  coste     4.400    4.400
(  254, 467)  coste     5.300    5.300
(  255, 330)  coste     2.800    2.800
(  255, 358)  coste     5.500    5.500
(  255, 369)  coste     9.200    9.200
(  255, 435)  coste     7.100    7.100
(  255, 454)  coste     4.000    4.000
(  256, 303)  coste     5.400    5.400
(  256, 325)  coste     3.800    3.800
(  256, 347)  coste     10.800    10.800
(  256, 348)  coste     4.400    4.400
(  256, 355)  coste     7.600    7.600
(  257, 348)  coste     6.200    6.200
(  257, 387)  coste     2.600    2.600
(  257, 441)  coste     6.800    6.800
(  257, 486)  coste     4.000    4.000
(  257, 488)  coste     3.900    3.900
(  258, 369)  coste     8.300    8.300
(  258, 440)  coste     7.800    7.800
(  258, 478)  coste     10.100    10.100
(  258, 481)  coste     12.900    12.900
(  259, 327)  coste     4.200    4.200
(  259, 340)  coste     7.900    7.900
(  259, 350)  coste     1.300    1.300
(  259, 371)  coste     11.200    11.200
(  260, 355)  coste     8.100    8.100
(  260, 370)  coste     0.500    0.500
(  260, 378)  coste     4.100    4.100
(  260, 399)  coste     3.500    3.500
(  261, 358)  coste     10.300    10.300
(  261, 461)  coste     12.400    12.400
(  262, 264)  coste     6.600    6.600
(  262, 301)  coste     5.100    5.100
(  262, 324)  coste     2.000    2.000
(  262, 375)  coste     2.500    2.500
(  262, 464)  coste     6.000    6.000
(  263, 284)  coste     3.200    3.200
(  263, 294)  coste     5.000    5.000
(  263, 325)  coste     4.600    4.600
(  263, 331)  coste     3.000    3.000
(  263, 416)  coste     6.900    6.900
(  263, 420)  coste     6.600    6.600
(  264, 333)  coste     7.000    7.000
(  265, 304)  coste     4.400    4.400
(  265, 399)  coste     2.300    2.300
(  265, 435)  coste     4.400    4.400
(  266, 297)  coste     3.900    3.900
(  266, 305)  coste     5.400    5.400
(  266, 325)  coste     7.100    7.100
(  266, 372)  coste     10.100    10.100
(  266, 430)  coste     6.500    6.500
(  266, 463)  coste     7.900    7.900
(  267, 381)  coste     1.800    1.800
(  267, 452)  coste     2.600    2.600
(  268, 275)  coste     4.500    4.500
(  268, 307)  coste     4.600    4.600
(  268, 391)  coste     1.600    1.600
(  268, 477)  coste     1.200    1.200
(  268, 491)  coste     11.600    11.600
(  269, 270)  coste     0.500    0.500
(  269, 386)  coste     4.000    4.000
(  269, 421)  coste     9.600    9.600
(  269, 460)  coste     3.600    3.600
(  270, 315)  coste     8.300    8.300
(  270, 393)  coste     4.400    4.400
(  270, 397)  coste     5.100    5.100
(  270, 411)  coste     5.700    5.700
(  270, 424)  coste     6.500    6.500
(  270, 462)  coste     3.100    3.100
(  270, 487)  coste     4.300    4.300
(  271, 438)  coste     5.000    5.000
(  272, 289)  coste     3.600    3.600
(  272, 341)  coste     7.300    7.300
(  272, 412)  coste     8.000    8.000
(  272, 413)  coste     5.900    5.900
(  272, 458)  coste     5.400    5.400
(  272, 479)  coste     2.300    2.300
(  273, 327)  coste     10.000    10.000
(  273, 330)  coste     9.000    9.000
(  273, 466)  coste     2.600    2.600
(  273, 487)  coste     6.800    6.800
(  273, 497)  coste     8.500    8.500
(  274, 414)  coste     4.200    4.200
(  274, 443)  coste     7.800    7.800
(  275, 289)  coste     6.400    6.400
(  275, 344)  coste     5.000    5.000
(  275, 359)  coste     5.300    5.300
(  275, 380)  coste     3.800    3.800
(  275, 381)  coste     2.800    2.800
(  275, 395)  coste     3.000    3.000
(  275, 419)  coste     3.400    3.400
(  275, 432)  coste     1.800    1.800
(  275, 444)  coste     5.400    5.400
(  275, 495)  coste     9.800    9.800
(  276, 292)  coste     5.600    5.600
(  276, 425)  coste     14.900    14.900
(  276, 429)  coste     4.500    4.500
(  276, 457)  coste     5.500    5.500
(  276, 497)  coste     7.100    7.100
(  277, 304)  coste     6.000    6.000
(  277, 370)  coste     8.300    8.300
(  277, 410)  coste     9.600    9.600
(  277, 417)  coste     6.800    6.800
(  277, 429)  coste     5.400    5.400
(  277, 478)  coste     4.300    4.300
(  277, 488)  coste     7.600    7.600
(  279, 299)  coste     10.900    10.900
(  279, 341)  coste     15.300    15.300
(  279, 343)  coste     6.200    6.200
(  279, 378)  coste     4.200    4.200
(  279, 403)  coste     10.400    10.400
(  279, 414)  coste     9.500    9.500
(  279, 496)  coste     8.900    8.900
(  280, 382)  coste     3.400    3.400
(  280, 415)  coste     5.800    5.800
(  280, 470)  coste     2.600    2.600
(  281, 327)  coste     7.600    7.600
(  281, 350)  coste     6.500    6.500
(  281, 357)  coste     5.900    5.900
(  281, 387)  coste     13.000    13.000
(  281, 433)  coste     6.200    6.200
(  281, 448)  coste     2.500    2.500
(  282, 339)  coste     10.900    10.900
(  282, 370)  coste     10.900    10.900
(  282, 418)  coste     13.000    13.000
(  282, 425)  coste     2.400    2.400
(  282, 467)  coste     3.800    3.800
(  282, 494)  coste     0.600    0.600
(  283, 284)  coste     2.200    2.200
(  283, 328)  coste     3.000    3.000
(  283, 331)  coste     8.200    8.200
(  284, 292)  coste     6.800    6.800
(  284, 331)  coste     6.000    6.000
(  284, 437)  coste     5.900    5.900
(  285, 319)  coste     11.000    11.000
(  285, 439)  coste     2.200    2.200
(  285, 465)  coste     8.400    8.400
(  286, 348)  coste     2.800    2.800
(  286, 383)  coste     3.600    3.600
(  287, 412)  coste     0.600    0.600
(  287, 456)  coste     3.900    3.900
(  287, 487)  coste     10.800    10.800
(  287, 496)  coste     8.300    8.300
(  288, 316)  coste     3.600    3.600
(  288, 412)  coste     14.400    14.400
(  288, 470)  coste     6.500    6.500
(  289, 397)  coste     13.600    13.600
(  289, 493)  coste     5.700    5.700
(  289, 499)  coste     8.000    8.000
(  290, 347)  coste     9.900    9.900
(  290, 449)  coste     14.100    14.100
(  291, 378)  coste     4.700    4.700
(  291, 450)  coste     12.200    12.200
(  292, 424)  coste     5.000    5.000
(  293, 440)  coste     12.100    12.100
(  293, 460)  coste     3.200    3.200
(  295, 404)  coste     5.900    5.900
(  295, 419)  coste     4.800    4.800
(  295, 422)  coste     5.000    5.000
(  296, 300)  coste     12.400    12.400
(  296, 500)  coste     12.200    12.200
(  297, 332)  coste     4.600    4.600
(  297, 348)  coste     9.400    9.400
(  297, 403)  coste     1.200    1.200
(  297, 445)  coste     12.100    12.100
(  298, 355)  coste     12.300    12.300
(  298, 358)  coste     11.600    11.600
(  298, 422)  coste     9.700    9.700
(  299, 363)  coste     5.700    5.700
(  299, 431)  coste     11.700    11.700
(  300, 338)  coste     3.800    3.800
(  300, 344)  coste     4.600    4.600
(  300, 421)  coste     7.600    7.600
(  300, 462)  coste     5.400    5.400
(  301, 356)  coste     4.500    4.500
(  301, 383)  coste     7.600    7.600
(  302, 350)  coste     6.300    6.300
(  303, 332)  coste     5.800    5.800
(  304, 446)  coste     3.700    3.700
(  305, 404)  coste     5.800    5.800
(  306, 343)  coste     5.600    5.600
(  306, 366)  coste     16.300    16.300
(  306, 377)  coste     10.000    10.000
(  306, 436)  coste     16.700    16.700
(  306, 438)  coste     9.100    9.100
(  306, 442)  coste     5.800    5.800
(  307, 353)  coste     5.300    5.300
(  307, 426)  coste     6.000    6.000
(  308, 393)  coste     7.900    7.900
(  308, 473)  coste     4.200    4.200
(  309, 320)  coste     2.900    2.900
(  309, 331)  coste     4.600    4.600
(  309, 392)  coste     4.500    4.500
(  310, 382)  coste     5.700    5.700
(  310, 446)  coste     4.800    4.800
(  310, 461)  coste     8.000    8.000
(  310, 463)  coste     10.800    10.800
(  311, 367)  coste     10.900    10.900
(  311, 369)  coste     5.700    5.700
(  311, 378)  coste     4.900    4.900
(  311, 478)  coste     7.500    7.500
(  312, 342)  coste     5.800    5.800
(  313, 396)  coste     14.400    14.400
(  313, 406)  coste     11.100    11.100
(  313, 433)  coste     7.200    7.200
(  313, 438)  coste     7.500    7.500
(  313, 480)  coste     5.400    5.400
(  314, 353)  coste     9.800    9.800
(  314, 393)  coste     5.500    5.500
(  314, 411)  coste     14.200    14.200
(  314, 450)  coste     2.500    2.500
(  315, 383)  coste     7.000    7.000
(  315, 496)  coste     7.300    7.300
(  316, 401)  coste     1.900    1.900
(  316, 413)  coste     8.700    8.700
(  316, 421)  coste     2.200    2.200
(  317, 449)  coste     6.300    6.300
(  318, 340)  coste     9.000    9.000
(  318, 381)  coste     7.500    7.500
(  319, 334)  coste     8.300    8.300
(  320, 409)  coste     7.000    7.000
(  320, 436)  coste     9.400    9.400
(  320, 452)  coste     3.700    3.700
(  320, 472)  coste     4.500    4.500
(  321, 428)  coste     2.200    2.200
(  321, 496)  coste     2.100    2.100
(  321, 497)  coste     3.300    3.300
(  322, 373)  coste     8.600    8.600
(  322, 377)  coste     4.300    4.300
(  322, 435)  coste     5.800    5.800
(  322, 438)  coste     3.400    3.400
(  323, 335)  coste     10.100    10.100
(  323, 350)  coste     3.000    3.000
(  323, 367)  coste     5.100    5.100
(  323, 376)  coste     3.900    3.900
(  323, 412)  coste     10.500    10.500
(  323, 457)  coste     7.800    7.800
(  324, 329)  coste     4.400    4.400
(  324, 345)  coste     2.100    2.100
(  324, 360)  coste     7.100    7.100
(  324, 388)  coste     4.700    4.700
(  324, 396)  coste     11.300    11.300
(  325, 329)  coste     2.700    2.700
(  325, 370)  coste     3.600    3.600
(  325, 377)  coste     13.600    13.600
(  325, 489)  coste     14.700    14.700
(  326, 358)  coste     11.800    11.800
(  326, 420)  coste     2.100    2.100
(  328, 375)  coste     6.000    6.000
(  328, 433)  coste     6.200    6.200
(  330, 397)  coste     4.000    4.000
(  331, 351)  coste     5.500    5.500
(  331, 436)  coste     11.100    11.100
(  331, 485)  coste     1.600    1.600
(  332, 352)  coste     7.000    7.000
(  332, 447)  coste     2.300    2.300
(  332, 492)  coste     6.300    6.300
(  333, 376)  coste     5.700    5.700
(  334, 369)  coste     0.900    0.900
(  334, 411)  coste     12.700    12.700
(  334, 422)  coste     5.500    5.500
(  334, 455)  coste     9.400    9.400
(  336, 433)  coste     4.200    4.200
(  336, 456)  coste     6.500    6.500
(  336, 470)  coste     5.100    5.100
(  337, 394)  coste     12.900    12.900
(  337, 397)  coste     10.500    10.500
(  337, 420)  coste     3.900    3.900
(  338, 453)  coste     3.400    3.400
(  339, 472)  coste     7.200    7.200
(  340, 343)  coste     10.900    10.900
(  340, 380)  coste     9.300    9.300
(  340, 445)  coste     4.200    4.200
(  340, 475)  coste     6.400    6.400
(  340, 478)  coste     8.500    8.500
(  341, 350)  coste     2.200    2.200
(  341, 457)  coste     12.600    12.600
(  342, 367)  coste     10.300    10.300
(  344, 389)  coste     11.900    11.900
(  344, 454)  coste     6.800    6.800
(  344, 468)  coste     10.600    10.600
(  346, 395)  coste     5.300    5.300
(  346, 411)  coste     13.300    13.300
(  346, 447)  coste     10.800    10.800
(  347, 466)  coste     10.600    10.600
(  347, 474)  coste     14.400    14.400
(  348, 480)  coste     3.000    3.000
(  349, 418)  coste     8.400    8.400
(  349, 486)  coste     6.100    6.100
(  350, 368)  coste     3.600    3.600
(  350, 407)  coste     8.000    8.000
(  350, 441)  coste     0.300    0.300
(  350, 467)  coste     3.200    3.200
(  350, 470)  coste     5.600    5.600
(  351, 357)  coste     1.800    1.800
(  351, 446)  coste     5.100    5.100
(  352, 389)  coste     14.300    14.300
(  352, 479)  coste     4.100    4.100
(  353, 385)  coste     2.900    2.900
(  353, 423)  coste     1.500    1.500
(  354, 360)  coste     9.100    9.100
(  354, 413)  coste     8.800    8.800
(  355, 419)  coste     9.800    9.800
(  356, 384)  coste     2.900    2.900
(  356, 401)  coste     4.200    4.200
(  356, 459)  coste     4.800    4.800
(  357, 432)  coste     2.700    2.700
(  358, 408)  coste     10.200    10.200
(  358, 467)  coste     6.000    6.000
(  358, 499)  coste     7.300    7.300
(  359, 487)  coste     4.300    4.300
(  360, 365)  coste     7.700    7.700
(  360, 469)  coste     3.500    3.500
(  361, 363)  coste     5.800    5.800
(  361, 366)  coste     8.700    8.700
(  361, 396)  coste     14.800    14.800
(  361, 451)  coste     5.600    5.600
(  361, 489)  coste     15.300    15.300
(  362, 375)  coste     4.400    4.400
(  362, 480)  coste     2.200    2.200
(  363, 398)  coste     6.300    6.300
(  363, 452)  coste     3.000    3.000
(  364, 377)  coste     13.100    13.100
(  364, 414)  coste     9.000    9.000
(  364, 441)  coste     12.700    12.700
(  364, 460)  coste     1.900    1.900
(  364, 473)  coste     5.300    5.300
(  364, 484)  coste     6.800    6.800
(  366, 466)  coste     10.700    10.700
(  366, 473)  coste     5.500    5.500
(  367, 422)  coste     2.200    2.200
(  367, 455)  coste     14.700    14.700
(  367, 469)  coste     6.300    6.300
(  368, 381)  coste     4.100    4.100
(  368, 488)  coste     7.400    7.400
(  369, 390)  coste     9.600    9.600
(  369, 425)  coste     6.700    6.700
(  369, 427)  coste     3.900    3.900
(  370, 411)  coste     4.000    4.000
(  370, 453)  coste     8.600    8.600
(  371, 495)  coste     4.600    4.600
(  372, 393)  coste     4.100    4.100
(  372, 408)  coste     4.500    4.500
(  373, 427)  coste     5.200    5.200
(  373, 431)  coste     3.300    3.300
(  374, 425)  coste     6.600    6.600
(  375, 438)  coste     1.300    1.300
(  376, 394)  coste     2.600    2.600
(  376, 448)  coste     7.900    7.900
(  376, 454)  coste     1.000    1.000
(  378, 385)  coste     2.700    2.700
(  379, 425)  coste     4.200    4.200
(  379, 429)  coste     6.200    6.200
(  380, 478)  coste     4.800    4.800
(  380, 499)  coste     5.400    5.400
(  381, 455)  coste     9.700    9.700
(  381, 456)  coste     2.900    2.900
(  382, 398)  coste     5.000    5.000
(  382, 436)  coste     8.000    8.000
(  382, 454)  coste     6.900    6.900
(  382, 489)  coste     8.200    8.200
(  383, 441)  coste     4.600    4.600
(  385, 396)  coste     11.700    11.700
(  385, 409)  coste     10.400    10.400
(  386, 441)  coste     15.000    15.000
(  386, 443)  coste     2.100    2.100
(  386, 489)  coste     16.500    16.500
(  387, 401)  coste     10.700    10.700
(  388, 446)  coste     7.000    7.000
(  389, 400)  coste     10.800    10.800
(  389, 428)  coste     12.100    12.100
(  389, 474)  coste     7.700    7.700
(  391, 398)  coste     2.400    2.400
(  392, 394)  coste     8.900    8.900
(  392, 397)  coste     5.100    5.100
(  392, 418)  coste     4.200    4.200
(  392, 436)  coste     11.000    11.000
(  392, 486)  coste     1.700    1.700
(  392, 488)  coste     2.800    2.800
(  393, 495)  coste     8.900    8.900
(  394, 423)  coste     8.700    8.700
(  394, 444)  coste     11.400    11.400
(  394, 492)  coste     3.700    3.700
(  396, 448)  coste     7.700    7.700
(  397, 435)  coste     10.900    10.900
(  397, 479)  coste     7.700    7.700
(  399, 437)  coste     7.100    7.100
(  399, 447)  coste     2.300    2.300
(  400, 465)  coste     4.300    4.300
(  401, 411)  coste     11.500    11.500
(  401, 436)  coste     5.200    5.200
(  402, 467)  coste     10.600    10.600
(  403, 471)  coste     1.700    1.700
(  403, 478)  coste     6.600    6.600
(  404, 439)  coste     6.500    6.500
(  404, 459)  coste     6.800    6.800
(  404, 499)  coste     8.900    8.900
(  406, 472)  coste     0.900    0.900
(  406, 487)  coste     9.100    9.100
(  408, 499)  coste     4.100    4.100
(  409, 416)  coste     8.400    8.400
(  409, 485)  coste     3.700    3.700
(  410, 495)  coste     3.100    3.100
(  411, 466)  coste     5.600    5.600
(  411, 473)  coste     10.800    10.800
(  414, 441)  coste     7.500    7.500
(  414, 443)  coste     10.400    10.400
(  415, 419)  coste     7.500    7.500
(  415, 499)  coste     7.700    7.700
(  416, 447)  coste     1.000    1.000
(  417, 422)  coste     9.500    9.500
(  418, 481)  coste     9.900    9.900
(  421, 445)  coste     0.900    0.900
(  421, 483)  coste     4.400    4.400
(  421, 496)  coste     2.900    2.900
(  422, 468)  coste     3.400    3.400
(  423, 500)  coste     6.100    6.100
(  424, 450)  coste     13.500    13.500
(  425, 465)  coste     4.500    4.500
(  427, 445)  coste     8.600    8.600
(  428, 471)  coste     11.700    11.700
(  429, 456)  coste     6.000    6.000
(  431, 458)  coste     3.400    3.400
(  432, 444)  coste     4.800    4.800
(  434, 484)  coste     4.200    4.200
(  435, 445)  coste     1.600    1.600
(  436, 489)  coste     9.000    9.000
(  438, 467)  coste     3.000    3.000
(  440, 457)  coste     3.200    3.200
(  441, 470)  coste     5.300    5.300
(  443, 461)  coste     7.900    7.900
(  444, 465)  coste     9.200    9.200
(  446, 456)  coste     6.900    6.900
(  446, 468)  coste     1.400    1.400
(  448, 470)  coste     3.400    3.400
(  449, 451)  coste     10.600    10.600
(  452, 459)  coste     5.700    5.700
(  452, 477)  coste     4.900    4.900
(  455, 482)  coste     11.300    11.300
(  456, 493)  coste     0.600    0.600
(  457, 485)  coste     6.500    6.500
(  464, 495)  coste     12.700    12.700
(  472, 486)  coste     4.800    4.800
(  473, 497)  coste     5.500    5.500
(  481, 489)  coste     3.700    3.700
